0 39 54 4 26 22 4 17 4 26 1 14 19 7 26 24 14 20 13 6 26 22 7 4 13 26 40 26 5 8 17 18 19 26 18 0 22 26 24 14 20 
0 40 40 26 2 11 14 18 4 26 12 24 26 4 24 4 18 26 0 13 3 26 19 7 4 26 5 11 0 18 7 1 0 2 10 26 18 19 0 17 19 18 
0 20 40 26 27 12 26 18 19 0 13 3 8 13 26 27 26 19 7 4 17 4 
0 26 46 13 26 0 26 1 0 11 2 14 13 24 26 8 13 26 18 20 12 12 4 17 26 0 8 17 
0 45 50 4 4 26 19 7 4 26 11 8 6 7 19 18 28 26 18 4 4 26 19 7 4 26 15 0 17 19 24 28 26 19 7 4 26 1 0 11 11 26 6 14 22 13 18 
0 39 50 4 4 26 24 14 20 26 12 0 10 4 26 24 14 20 17 26 22 0 24 26 19 7 17 14 20 6 7 26 19 7 4 26 2 17 14 22 3 
0 18 32 13 3 26 18 0 24 28 26 26 28 39 4 11 11 14 26 28 
0 17 43 8 19 19 11 4 26 3 8 3 26 40 26 10 13 14 22 
0 47 51 7 0 19 26 24 14 20 26 22 4 17 4 26 49 14 12 4 14 28 26 24 14 20 26 22 4 17 4 26 19 7 17 14 22 8 13 26 27 26 15 4 1 1 11 4 18 
0 44 32 13 3 26 12 24 26 3 0 3 3 24 26 18 0 8 3 28 26 26 28 50 19 0 24 26 0 22 0 24 26 5 17 14 12 26 41 20 11 8 4 19 26 28 
0 34 32 13 3 26 40 26 22 0 18 26 2 17 24 8 13 26 27 26 14 13 26 19 7 4 26 18 19 0 8 17 2 0 18 4 
0 47 33 4 6 6 8 13 26 27 26 24 14 20 28 26 26 28 47 11 4 0 18 4 26 3 14 13 26 27 19 26 6 14 28 26 26 28 26 0 13 3 26 40 26 18 0 8 3 
0 40 49 14 12 4 14 28 26 19 0 10 4 26 12 4 26 18 14 12 4 22 7 4 17 4 26 22 4 26 2 0 13 26 1 4 26 0 11 14 13 4 
0 48 40 26 27 11 11 26 1 4 26 22 0 8 19 8 13 6 28 26 0 11 11 26 19 7 4 17 4 26 27 18 26 11 4 5 19 26 19 14 26 3 14 26 8 18 26 17 20 13 
0 47 56 14 20 26 27 11 11 26 1 4 26 19 7 4 26 15 17 8 13 2 4 26 0 13 3 26 40 26 27 11 11 26 1 4 26 19 7 4 26 15 17 8 13 2 4 18 18 
0 43 40 19 26 27 18 26 0 26 11 14 21 4 26 18 19 14 17 24 28 26 1 0 1 24 28 26 9 20 18 19 26 18 0 24 28 26 26 28 56 4 18 26 28 
0 39 50 14 26 40 26 18 13 4 0 10 26 14 20 19 26 19 14 26 19 7 4 26 6 0 17 3 4 13 26 19 14 26 18 4 4 26 24 14 20 
0 47 54 4 26 10 4 4 15 26 16 20 8 4 19 28 26 26 27 2 0 20 18 4 26 22 4 26 27 17 4 26 3 4 0 3 26 8 5 26 19 7 4 24 26 10 13 4 22 
0 18 50 14 26 2 11 14 18 4 26 24 14 20 17 26 4 24 4 18 
0 42 36 18 2 0 15 4 26 19 7 8 18 26 19 14 22 13 26 5 14 17 26 0 26 11 8 19 19 11 4 26 22 7 8 11 4 28 26 14 7 26 14 7 
0 46 26 27 34 0 20 18 4 26 24 14 20 26 22 4 17 4 26 49 14 12 4 14 28 26 40 26 22 0 18 26 0 26 18 2 0 17 11 4 19 26 11 4 19 19 4 17 
0 44 32 13 3 26 12 24 26 3 0 3 3 24 26 18 0 8 3 28 26 26 28 50 19 0 24 26 0 22 0 24 26 5 17 14 12 26 41 20 11 8 4 19 26 28 
0 29 33 20 19 26 24 14 20 26 22 4 17 4 26 4 21 4 17 24 19 7 8 13 6 26 19 14 26 12 4 
0 53 40 26 22 0 18 26 1 4 6 6 8 13 26 27 26 24 14 20 28 26 26 28 47 11 4 0 18 4 26 3 14 13 26 27 19 26 6 14 28 26 26 28 26 0 13 3 26 40 26 18 0 8 3 
0 40 49 14 12 4 14 28 26 19 0 10 4 26 12 4 26 18 14 12 4 22 7 4 17 4 26 22 4 26 2 0 13 26 1 4 26 0 11 14 13 4 
0 48 40 26 27 11 11 26 1 4 26 22 0 8 19 8 13 6 28 26 0 11 11 26 19 7 4 17 4 26 27 18 26 11 4 5 19 26 19 14 26 3 14 26 8 18 26 17 20 13 
0 47 56 14 20 26 27 11 11 26 1 4 26 19 7 4 26 15 17 8 13 2 4 26 0 13 3 26 40 26 27 11 11 26 1 4 26 19 7 4 26 15 17 8 13 2 4 18 18 
0 43 40 19 26 27 18 26 0 26 11 14 21 4 26 18 19 14 17 24 28 26 1 0 1 24 28 26 9 20 18 19 26 18 0 24 28 26 26 28 56 4 18 26 28 
0 50 49 14 12 4 14 28 26 18 0 21 4 26 12 4 28 26 19 7 4 24 26 27 17 4 26 19 17 24 13 0 26 19 4 11 11 26 12 4 26 7 14 22 26 19 14 26 5 4 4 11 
0 38 51 7 8 18 26 11 14 21 4 26 8 18 26 3 8 5 5 8 2 20 11 19 28 26 1 20 19 26 8 19 26 27 18 26 17 4 0 11 
0 49 35 14 13 26 27 19 26 1 4 26 0 5 17 0 8 3 28 26 22 4 26 27 11 11 26 12 0 10 4 26 8 19 26 14 20 19 26 14 5 26 19 7 8 18 26 12 4 18 18 
0 43 40 19 26 27 18 26 0 26 11 14 21 4 26 18 19 14 17 24 28 26 1 0 1 24 28 26 9 20 18 19 26 18 0 24 28 26 26 28 56 4 18 26 28 
0 6 46 7 28 26 14 7 
0 22 40 26 6 14 19 26 19 8 17 4 3 26 14 5 26 22 0 8 19 8 13 6 
0 42 54 14 13 3 4 17 8 13 26 27 26 8 5 26 24 14 20 26 22 4 17 4 26 4 21 4 17 26 2 14 12 8 13 26 27 26 0 17 14 20 13 3 
0 26 44 24 26 5 0 8 19 7 26 8 13 26 24 14 20 26 22 0 18 26 5 0 3 8 13 6 
0 51 54 7 4 13 26 40 26 12 4 19 26 24 14 20 26 14 13 26 19 7 4 26 14 20 19 18 10 8 17 19 18 26 14 5 26 19 14 22 13 28 26 0 13 3 26 40 26 18 0 8 3 
0 43 49 14 12 4 14 28 26 18 0 21 4 26 12 4 28 26 40 26 27 21 4 26 1 4 4 13 26 5 4 4 11 8 13 6 26 18 14 26 0 11 14 13 4 
0 42 40 26 10 4 4 15 26 22 0 8 19 8 13 6 26 5 14 17 26 24 14 20 28 26 1 20 19 26 24 14 20 26 13 4 21 4 17 26 2 14 12 4 
0 47 40 18 26 19 7 8 18 26 8 13 26 12 24 26 7 4 0 3 27 26 40 26 3 14 13 26 27 19 26 10 13 14 22 26 22 7 0 19 26 19 14 26 19 7 8 13 10 
0 44 39 4 26 10 13 4 11 19 26 19 14 26 19 7 4 26 6 17 14 20 13 3 26 0 13 3 26 15 20 11 11 4 3 26 14 20 19 26 0 26 17 8 13 6 
0 28 32 13 3 26 18 0 8 3 28 26 26 28 44 0 17 17 24 26 12 4 28 26 41 20 11 8 4 19 
0 30 56 14 20 26 27 11 11 26 13 4 21 4 17 26 7 0 21 4 26 19 14 26 1 4 26 0 11 14 13 4 
0 40 40 26 11 14 21 4 26 24 14 20 26 0 13 3 26 19 7 0 19 26 27 18 26 0 11 11 26 40 26 17 4 0 11 11 24 26 10 13 14 22 
0 47 40 26 19 0 11 10 4 3 26 19 14 26 24 14 20 17 26 3 0 3 28 26 6 14 26 15 8 2 10 26 14 20 19 26 0 26 22 7 8 19 4 26 3 17 4 18 18 
0 43 40 19 26 27 18 26 0 26 11 14 21 4 26 18 19 14 17 24 28 26 1 0 1 24 28 26 9 20 18 19 26 18 0 24 28 26 26 28 56 4 18 26 28 
0 10 46 7 28 26 14 7 28 26 14 7 
0 14 46 7 28 26 14 7 28 26 14 7 28 26 14 7 
0 66 26 27 34 0 20 18 4 26 22 4 26 22 4 17 4 26 1 14 19 7 26 24 14 20 13 6 26 22 7 4 13 26 40 26 5 8 17 18 19 26 18 0 22 26 24 14 20 38 14 29 6 14 29 6 14 29 6 14 29 6 14 29 6 14 3 18 
0 19 38 14 29 6 14 29 6 14 29 6 14 29 6 14 29 6 14 3 18 
0 53 32 24 28 26 19 7 8 18 26 8 18 26 22 7 0 19 26 24 14 20 26 2 0 12 4 26 5 14 17 28 26 1 11 14 14 3 26 14 13 26 19 7 4 26 6 0 12 4 26 1 0 11 11 

0 32 36 21 4 17 24 1 14 3 24 26 3 17 14 15 15 8 13 6 26 11 8 10 4 26 17 0 8 13 5 0 11 11 

0 48 52 7 28 26 19 7 8 18 26 8 18 26 24 14 20 17 26 12 14 12 4 13 19 28 26 4 24 4 18 26 14 13 26 19 7 4 26 15 20 11 15 8 19 28 26 10 8 3 

0 24 51 7 8 13 10 26 2 7 20 17 2 7 26 9 20 18 19 26 14 15 4 13 4 3 

0 43 32 13 3 26 19 7 4 24 26 63 17 4 26 18 8 13 6 8 13 6 26 24 14 20 17 26 15 17 0 8 18 4 18 28 26 11 0 29 11 0 29 11 0 

0 34 50 2 17 4 0 12 8 13 6 26 24 14 20 17 26 13 0 12 4 26 14 20 19 26 11 14 29 11 14 29 11 14 20 3 

0 44 46 13 4 26 12 14 17 4 26 18 19 4 15 28 26 24 14 20 26 63 17 4 26 8 12 12 14 17 19 0 11 26 13 14 22 28 26 26 63 2 0 20 18 4 

0 36 46 13 2 4 26 24 14 20 26 15 11 0 24 26 38 14 3 28 26 14 13 2 4 26 24 14 20 26 15 11 0 24 26 38 14 3 

0 33 51 7 4 24 26 63 17 4 26 6 14 13 13 0 26 2 17 20 12 1 11 4 26 14 13 4 26 1 24 26 14 13 4 

0 37 51 7 4 13 26 22 4 26 6 14 13 26 63 26 17 8 3 4 26 17 8 6 7 19 26 8 13 19 14 26 19 7 4 26 18 20 13 

0 34 43 8 10 4 26 8 19 26 63 18 26 19 7 4 26 3 0 24 26 12 24 26 10 8 13 6 3 14 12 26 2 14 12 4 

0 32 33 0 1 24 28 26 22 4 26 63 17 4 26 6 14 29 6 14 29 6 14 29 6 14 29 6 14 29 6 14 3 18 

0 32 56 4 0 7 28 26 22 4 26 63 17 4 26 6 14 29 6 14 29 6 14 29 6 14 29 6 14 29 6 14 3 18 

0 47 32 24 28 26 22 4 11 2 14 12 4 26 19 14 26 19 7 4 26 1 8 6 26 18 7 14 22 28 26 13 4 23 19 26 14 13 26 19 7 4 26 11 0 3 3 4 17 

0 31 40 18 26 8 19 26 24 14 20 17 26 13 0 12 4 26 8 13 26 19 7 4 26 17 0 5 19 4 17 18 27 

0 35 33 17 8 4 5 29 1 17 8 4 5 29 1 17 8 4 5 26 12 14 12 4 13 19 26 14 5 26 18 8 11 4 13 2 4 

0 35 33 0 3 26 6 8 17 11 26 22 14 10 4 26 20 15 26 0 13 3 26 2 7 14 18 4 26 21 8 14 11 4 13 2 4 

0 41 32 13 3 26 19 7 4 24 26 63 17 4 26 18 8 13 6 8 13 6 26 12 24 26 15 17 0 8 18 4 18 28 26 11 0 29 11 0 29 11 0 

0 32 50 2 17 4 0 12 8 13 6 26 12 24 26 13 0 12 4 26 14 20 19 26 11 14 29 11 14 29 11 14 20 3 

0 40 51 7 8 18 26 8 18 26 22 7 24 26 22 4 26 63 17 4 26 8 12 12 14 17 19 0 11 26 13 14 22 28 26 26 63 2 0 20 18 4 

0 36 46 13 2 4 26 24 14 20 26 15 11 0 24 26 38 14 3 28 26 14 13 2 4 26 24 14 20 26 15 11 0 24 26 38 14 3 

0 56 51 7 4 24 26 63 17 4 26 6 14 13 13 0 26 2 17 20 12 1 11 4 26 14 13 4 26 1 24 26 14 13 4 26 26 60 2 17 20 12 1 11 4 26 14 13 4 26 1 24 26 14 13 4 26 58 

0 37 51 7 4 13 26 22 4 26 6 14 13 26 63 26 17 8 3 4 26 17 8 6 7 19 26 8 13 19 14 26 19 7 4 26 18 20 13 

0 34 43 8 10 4 26 8 19 26 63 18 26 19 7 4 26 3 0 24 26 12 24 26 10 8 13 6 3 14 12 26 2 14 12 4 

0 32 33 0 1 24 28 26 22 4 26 63 17 4 26 6 14 29 6 14 29 6 14 29 6 14 29 6 14 29 6 14 3 18 

0 32 56 4 0 7 28 26 22 4 26 63 17 4 26 6 14 29 6 14 29 6 14 29 6 14 29 6 14 29 6 14 3 18 

0 32 40 26 63 12 26 14 13 26 12 24 26 10 13 4 4 18 28 26 15 17 0 24 26 5 14 17 26 6 11 14 17 24 

0 32 32 13 24 14 13 4 26 17 4 0 3 26 19 7 8 18 26 20 13 3 4 17 3 14 6 26 18 19 14 17 24 27 

0 26 40 26 2 0 13 26 63 19 26 11 14 18 4 26 12 24 18 4 11 5 26 0 6 0 8 13 

0 24 39 4 11 15 26 12 4 26 17 0 8 18 4 26 19 7 8 18 26 7 4 0 17 19 

0 18 39 4 0 17 19 28 26 20 13 1 17 4 0 10 0 1 11 4 

0 36 46 13 2 4 26 24 14 20 26 15 11 0 24 26 38 14 3 28 26 14 13 2 4 26 24 14 20 26 15 11 0 24 26 38 14 3 

0 33 51 7 4 24 26 63 17 4 26 6 14 13 13 0 26 2 17 20 12 1 11 4 26 14 13 4 26 1 24 26 14 13 4 

0 37 51 7 4 13 26 22 4 26 6 14 13 26 63 26 17 8 3 4 26 17 8 6 7 19 26 8 13 19 14 26 19 7 4 26 18 20 13 

0 34 43 8 10 4 26 8 19 26 63 18 26 19 7 4 26 3 0 24 26 12 24 26 10 8 13 6 3 14 12 26 2 14 12 4 

0 36 46 13 2 4 26 24 14 20 26 15 11 0 24 26 38 14 3 28 26 14 13 2 4 26 24 14 20 26 15 11 0 24 26 38 14 3 

0 33 51 7 4 24 26 63 17 4 26 6 14 13 13 0 26 2 17 20 12 1 11 4 26 14 13 4 26 1 24 26 14 13 4 

0 37 51 7 4 13 26 22 4 26 6 14 13 26 63 26 17 8 3 4 26 17 8 6 7 19 26 8 13 19 14 26 19 7 4 26 18 20 13 

0 34 43 8 10 4 26 8 19 26 63 18 26 19 7 4 26 3 0 24 26 12 24 26 10 8 13 6 3 14 12 26 2 14 12 4 

0 32 33 0 1 24 28 26 22 4 26 63 17 4 26 6 14 29 6 14 29 6 14 29 6 14 29 6 14 29 6 14 3 18 

0 32 56 4 0 7 28 26 22 4 26 63 17 4 26 6 14 29 6 14 29 6 14 29 6 14 29 6 14 29 6 14 3 18 

0 19 38 14 29 6 14 29 6 14 29 6 14 29 6 14 29 6 14 3 18 

0 32 56 4 0 7 28 26 22 4 26 63 17 4 26 6 14 29 6 14 29 6 14 29 6 14 29 6 14 29 6 14 3 18 

0 13 46 13 2 4 26 24 14 20 26 15 11 0 24 

0 43 54 4 11 2 14 12 4 26 19 14 26 19 7 4 26 22 8 11 3 28 26 13 14 26 7 4 17 14 4 18 26 0 13 3 26 21 8 11 11 0 8 13 18 

0 40 54 4 11 2 14 12 4 26 19 14 26 19 7 4 26 22 0 17 28 26 22 4 26 21 4 26 14 13 11 24 26 1 4 6 20 13 28 26 18 14 

0 31 47 8 2 10 26 20 15 26 24 14 20 17 26 22 4 0 15 14 13 26 0 13 3 26 5 0 2 4 26 8 19 

0 42 51 7 4 17 4 26 18 26 1 11 14 14 3 26 14 13 26 19 7 4 26 2 17 14 22 13 28 26 6 14 26 0 13 3 26 19 0 10 4 26 8 19 

0 41 56 14 20 26 6 4 19 26 14 13 4 26 18 7 14 19 26 19 14 26 12 0 10 4 26 8 19 26 14 20 19 26 0 11 8 21 4 28 26 18 14 

0 30 39 8 6 7 4 17 26 0 13 3 26 7 8 6 7 4 17 26 24 14 20 26 2 7 0 18 4 26 8 19 

1 38 3 20 3 4 2 23 0 44 33 53 52 16 25 27 5 4 63 19 24 34 58 55 31 8 20 35 30 7 55 59 7 15 23 53 42 5 29 63 
1 41 9 15 20 12 46 46 24 29 28 11 43 26 59 63 44 21 27 18 35 31 23 23 44 30 13 31 39 18 60 46 43 1 25 45 33 0 28 60 43 14 27 
1 18 33 12 30 19 0 15 62 26 12 36 11 5 40 19 2 38 2 11 
1 9 58 13 21 8 43 22 50 3 49 
1 20 32 1 11 45 29 50 60 58 1 60 23 30 63 57 8 40 41 41 58 9 
1 4 44 48 56 22 
1 21 11 39 4 11 43 3 12 31 55 51 20 15 61 21 52 37 5 45 39 7 55 
1 9 59 2 28 62 57 3 23 12 6 
1 22 6 54 17 22 20 17 11 41 36 0 6 34 56 28 37 49 32 59 51 43 7 4 
1 4 54 48 63 51 
1 45 59 6 34 44 0 18 15 39 46 22 43 59 51 35 43 56 29 63 1 14 16 31 43 10 51 45 0 17 20 62 15 48 25 35 8 60 35 38 44 58 18 41 48 56 26 
1 49 24 13 15 4 7 45 53 19 62 39 24 32 27 16 19 27 62 30 7 43 36 61 34 62 10 53 6 36 31 9 13 53 36 0 0 24 11 36 60 62 17 42 28 30 49 39 57 56 43 
1 30 12 47 19 6 33 8 32 51 26 56 38 38 54 2 39 16 34 18 16 20 53 8 50 21 21 19 25 12 45 52 
1 39 44 36 15 39 15 35 9 51 26 34 52 35 13 47 25 10 12 17 61 50 32 26 18 54 8 56 50 44 58 14 61 55 59 23 63 6 54 6 54 
1 38 13 2 53 21 23 37 8 57 1 43 25 34 44 14 45 38 38 59 53 48 40 13 34 30 24 33 31 20 31 50 5 32 34 52 39 6 27 61 
1 25 61 33 52 55 54 58 2 55 11 21 48 50 37 49 55 21 19 13 53 17 9 41 16 25 26 
1 10 37 12 38 46 13 37 28 48 62 5 
1 20 42 33 32 60 29 45 25 12 45 41 24 23 11 21 57 5 9 39 59 42 
1 4 52 3 25 31 
1 21 30 38 43 22 32 48 5 51 34 25 10 57 27 43 37 16 39 1 27 47 13 
1 9 20 60 49 27 51 54 42 12 10 
1 22 12 22 22 33 37 24 9 10 41 28 33 54 49 2 49 31 24 5 6 32 62 62 
1 4 61 19 42 23 
1 30 7 51 13 24 11 3 32 10 58 24 14 60 63 13 13 62 42 52 2 37 3 46 40 56 28 52 45 42 51 15 
1 31 10 48 21 41 18 49 52 56 5 3 5 35 7 4 9 4 54 27 32 34 21 61 33 45 16 31 29 49 25 47 17 
1 30 9 23 20 44 17 42 15 21 54 17 31 60 12 44 34 43 22 1 53 9 61 26 26 6 58 45 30 20 32 34 
1 31 50 21 16 33 41 51 39 44 37 21 1 20 1 60 46 21 40 27 30 2 55 38 4 55 18 22 25 38 62 14 51 
1 48 8 30 9 9 19 55 14 60 52 62 6 52 19 29 25 0 5 9 46 23 51 37 17 10 41 13 22 5 38 40 9 61 18 63 19 57 49 23 0 55 10 36 16 40 44 60 0 63 
1 22 35 10 45 4 4 24 36 10 1 9 17 3 35 54 58 0 1 8 40 43 51 22 
1 21 4 54 28 49 57 8 53 12 25 15 0 25 42 49 34 7 23 11 35 10 3 
1 53 56 30 56 34 46 52 0 10 37 35 2 46 54 31 36 27 62 48 22 7 47 60 48 26 60 61 7 17 14 51 40 23 53 53 60 23 37 28 5 16 16 33 60 56 35 54 34 4 31 0 34 5 21 
1 15 4 24 52 35 39 51 56 18 1 34 45 10 27 3 3 
1 18 55 20 12 52 25 59 2 27 38 43 15 25 31 13 53 43 31 61 
1 18 33 48 19 24 58 44 0 16 39 61 52 46 29 0 61 42 28 54 
1 10 7 44 36 41 23 61 15 6 19 18 
1 21 32 44 24 51 22 22 28 19 63 15 19 36 59 60 34 62 34 41 4 30 31 
1 4 46 4 3 34 
1 21 57 56 49 31 24 30 43 5 63 61 63 49 1 4 43 3 27 60 14 38 10 
1 10 1 30 8 42 2 8 38 32 47 5 
1 22 30 42 28 10 36 38 31 50 57 30 4 33 2 33 7 41 28 36 7 51 38 54 
1 4 5 20 45 38 
1 18 40 31 30 36 57 29 31 60 37 9 35 31 2 20 60 55 22 40 
1 10 5 33 26 58 49 59 3 30 13 59 
1 31 17 31 1 37 36 59 33 6 46 8 4 13 3 38 28 25 40 16 16 8 22 7 13 32 17 29 5 13 53 60 4 
1 4 4 54 6 46 
1 80 33 27 56 21 53 24 52 37 2 3 44 27 51 45 27 32 0 13 37 32 28 7 53 52 11 39 14 34 21 16 38 27 38 27 51 7 55 58 2 10 37 18 58 61 2 37 25 28 50 33 57 26 55 55 35 36 53 62 57 58 0 41 25 1 56 32 61 55 6 38 22 15 51 45 27 62 30 55 38 34 
1 10 19 50 47 59 60 13 63 63 13 9 
1 63 44 49 13 54 51 36 32 27 11 52 58 56 57 29 13 57 54 19 1 26 21 63 63 16 52 24 10 48 29 38 59 33 13 21 7 25 58 3 40 20 23 37 38 58 50 50 14 40 5 9 25 54 13 29 38 3 61 10 37 63 53 7 54 
1 4 23 17 51 3 
1 41 24 46 27 0 27 2 53 24 41 17 52 52 46 13 34 40 44 5 35 56 30 11 2 6 49 14 51 55 35 52 17 25 9 52 29 3 54 53 41 25 55 
1 19 62 38 13 54 48 17 35 19 7 34 2 43 61 36 23 25 58 38 17 
1 19 36 24 45 51 41 33 17 2 37 32 18 19 5 15 59 5 59 42 5 
1 53 47 17 7 37 16 32 26 11 12 39 34 63 41 63 13 61 49 9 37 38 6 1 10 11 11 47 59 47 18 55 10 30 29 1 24 54 0 62 35 3 44 62 27 8 32 39 30 30 23 2 15 49 40 
1 32 9 40 62 51 5 19 24 14 47 33 52 53 20 36 36 0 30 22 1 32 57 22 5 41 50 2 45 38 44 53 59 4 
1 48 0 5 3 3 12 59 47 47 6 12 7 52 32 56 43 45 43 46 39 24 38 58 48 9 46 32 51 59 37 3 54 23 54 56 37 9 30 27 54 19 14 45 45 52 38 26 57 23 
1 24 14 60 62 36 45 12 30 37 61 40 49 53 27 57 47 37 24 53 1 1 27 19 35 23 
1 42 3 20 57 39 42 26 14 44 46 21 22 58 51 26 37 10 37 12 50 54 45 4 5 5 15 56 24 34 1 19 7 16 55 37 46 29 63 40 42 61 26 42 
1 34 46 58 30 12 31 56 47 8 3 62 56 20 14 54 50 59 3 38 11 4 47 19 48 1 53 63 31 44 19 45 0 30 17 14 
1 42 1 24 61 30 20 38 42 43 42 9 52 5 22 41 36 30 38 44 12 13 12 44 58 57 33 55 32 43 3 33 14 44 38 46 41 43 14 59 19 48 23 15 
1 36 40 20 21 29 20 29 2 21 6 43 30 24 43 13 28 23 49 10 45 43 38 55 62 56 40 47 40 17 38 8 26 4 9 55 27 55 
1 32 55 36 13 36 63 36 31 12 39 29 55 20 28 60 12 38 34 29 31 39 26 50 8 18 14 43 28 33 49 25 41 50 
1 36 2 3 61 2 63 13 38 63 3 7 55 24 38 9 60 59 29 58 15 57 17 36 29 41 52 37 24 19 48 30 35 60 17 52 26 9 
1 33 61 5 36 49 45 12 10 42 37 40 20 54 38 21 1 5 28 15 61 33 63 59 31 52 33 30 1 35 34 4 28 63 35 
1 31 46 38 26 41 3 7 14 53 31 52 60 49 58 41 24 3 62 40 63 12 49 32 61 56 49 41 52 23 39 50 62 
1 31 22 30 28 56 38 14 52 44 55 60 49 40 17 3 16 52 24 0 62 8 46 16 49 2 60 4 47 11 38 48 3 
1 47 61 9 24 29 21 57 55 3 58 54 21 43 20 15 62 40 27 56 27 30 60 34 38 53 24 35 57 51 1 56 18 7 2 28 10 33 28 55 39 28 33 21 27 50 4 49 24 
1 31 32 23 41 37 49 44 39 9 1 22 13 60 22 41 59 28 53 16 13 6 39 10 50 61 2 48 47 14 52 53 49 
1 35 34 56 40 57 62 62 18 14 44 59 9 25 5 6 20 13 28 13 17 0 16 33 33 30 0 39 2 10 61 14 12 18 61 1 5 
1 35 30 29 54 39 45 15 7 58 62 50 23 37 48 18 7 38 38 59 54 7 8 42 31 2 27 31 44 38 24 1 3 21 51 25 28 
1 40 35 37 14 48 39 34 48 12 6 44 3 57 29 9 14 23 30 56 8 53 0 3 50 49 25 9 10 17 63 14 9 29 23 11 38 29 24 45 31 15 
1 32 21 17 36 45 15 15 41 23 47 11 27 60 23 8 38 43 0 9 31 1 33 35 3 6 24 24 61 45 14 17 17 42 
1 38 12 55 46 10 23 17 41 49 47 21 34 8 32 20 36 28 62 53 31 32 29 57 55 26 61 22 51 16 53 29 1 12 6 57 41 50 54 30 
1 36 22 0 10 58 3 10 5 57 12 51 0 40 1 32 62 9 29 34 4 57 28 57 40 20 7 32 61 39 2 14 46 3 44 10 24 58 
1 55 47 60 49 43 45 61 36 36 61 7 10 38 61 1 62 14 16 30 46 54 2 55 13 62 39 4 40 10 43 54 32 14 62 62 36 60 13 52 13 57 4 31 19 38 57 54 29 27 6 51 49 8 26 20 10 
1 36 12 54 42 56 2 32 55 9 58 53 16 10 34 10 25 50 12 37 15 18 63 27 43 32 3 6 50 34 21 37 32 41 45 46 1 17 
1 33 21 9 23 19 38 54 49 1 53 36 20 5 50 27 26 33 49 25 21 38 51 18 26 50 38 63 61 0 34 63 8 41 37 
1 31 25 38 28 27 36 18 46 53 46 10 46 63 58 20 15 35 11 27 57 25 48 20 34 59 58 34 59 58 34 7 20 
1 31 47 33 19 39 17 5 36 44 8 54 1 16 8 46 16 9 35 2 50 3 38 18 16 50 27 47 26 47 17 24 39 
1 31 11 28 13 18 52 29 37 63 50 30 53 51 47 41 9 2 49 23 3 21 19 62 9 12 22 1 37 58 18 44 41 
1 32 24 44 34 4 51 14 52 35 12 3 6 51 47 21 14 8 35 3 8 32 53 21 34 24 28 2 61 50 63 43 10 13 
1 25 61 48 50 26 7 18 16 46 61 51 63 31 50 14 59 37 2 53 53 31 49 4 23 26 54 
1 24 27 50 55 38 40 13 26 5 8 17 33 42 16 7 38 11 17 52 20 41 57 23 63 7 
1 18 23 56 50 43 59 26 7 52 62 45 11 36 30 17 61 19 23 44 
1 36 60 18 16 25 37 29 53 46 33 14 48 10 63 54 15 59 46 40 30 44 20 57 55 6 6 44 3 46 4 14 31 55 10 27 2 8 
1 32 35 42 14 17 46 58 29 46 7 33 53 25 10 45 49 25 33 34 32 36 44 7 47 19 18 54 39 34 59 18 35 12 
1 36 45 29 41 0 21 17 40 12 28 37 60 49 32 25 3 59 58 11 2 3 1 22 41 2 51 35 60 63 35 53 49 53 46 37 56 11 
1 33 11 48 38 2 19 46 16 10 36 19 51 22 24 22 24 12 16 10 27 32 45 6 11 8 57 25 48 6 45 27 34 34 3 
1 36 36 37 40 20 48 37 24 41 19 53 61 57 31 11 59 12 42 43 0 57 20 23 25 60 18 15 13 62 32 8 10 53 3 21 16 40 
1 32 24 59 24 31 63 40 9 31 34 19 49 40 23 6 56 22 35 57 54 50 36 11 61 4 24 2 48 28 0 57 3 17 
1 36 26 15 59 24 19 6 46 58 55 44 47 32 54 29 26 29 42 33 26 39 56 6 40 29 48 25 61 9 34 61 9 25 18 55 15 36 
1 33 55 31 15 13 35 6 44 54 40 53 35 57 22 22 60 47 26 37 33 37 37 43 30 31 41 22 28 18 63 15 15 9 59 
1 31 45 24 28 10 39 56 11 30 19 28 8 60 23 7 43 21 15 53 44 20 44 5 23 28 5 13 56 53 8 36 15 
1 31 37 30 17 4 1 25 55 30 0 18 57 9 3 63 58 60 18 12 50 11 33 19 62 32 10 7 11 57 24 33 46 
1 19 23 2 5 25 52 15 20 13 28 45 27 23 40 39 37 9 12 58 60 
1 31 61 7 8 4 4 38 10 3 46 48 45 28 40 7 12 34 4 15 50 61 36 38 39 28 24 61 35 3 22 15 43 
1 13 29 40 22 31 41 15 13 32 45 20 58 40 56 
