0 3 35 14 6 
0 3 50 20 13 
0 3 39 0 19 
0 3 34 20 15 
0 3 33 4 3 
0 3 34 0 19 
0 5 32 15 15 11 4 
0 5 51 0 1 11 4 
0 6 37 11 14 22 4 17 
0 5 49 8 21 4 17 
0 8 44 14 20 13 19 0 8 13 
0 13 36 23 19 17 0 14 17 3 8 13 0 17 24 
0 11 32 2 2 14 12 12 14 3 0 19 4 
0 12 36 13 19 17 4 15 17 4 13 4 20 17 
0 13 44 8 18 2 4 11 11 0 13 4 14 20 18 
0 10 47 7 4 13 14 12 4 13 14 13 
0 10 36 23 0 6 6 4 17 0 19 4 
0 9 45 4 2 4 18 18 8 19 24 
0 12 52 13 1 4 11 8 4 21 0 1 11 4 
0 13 34 14 13 18 2 8 4 13 19 8 14 20 18 
0 13 36 12 1 0 17 17 0 18 18 12 4 13 19 
0 27 39 14 13 14 17 8 5 8 2 0 1 8 11 8 19 20 3 8 13 8 19 0 19 8 1 20 18 
0 27 36 11 4 2 19 17 14 4 13 2 4 15 7 0 11 14 6 17 0 15 7 8 2 0 11 11 24 
0 21 40 13 2 14 12 15 17 4 7 4 13 18 8 1 8 11 8 19 8 4 18 
0 22 34 14 20 13 19 4 17 17 4 21 14 11 20 19 8 14 13 0 17 8 4 18 
0 23 51 17 0 13 18 20 1 18 19 0 13 19 8 0 19 8 14 13 0 11 8 18 19 
0 36 39 8 15 15 14 15 14 19 14 12 14 13 18 19 17 14 18 4 18 16 20 8 15 15 4 3 0 11 8 14 15 7 14 1 8 0 
0 29 37 11 14 2 2 8 13 0 20 2 8 13 8 7 8 11 8 15 8 11 8 5 8 2 0 19 8 14 13 
0 45 47 13 4 20 12 14 13 14 20 11 19 17 0 12 8 2 17 14 18 2 14 15 8 2 18 8 11 8 2 14 21 14 11 2 0 13 14 2 14 13 8 14 18 8 18 
0 12 39 4 11 11 14 28 26 54 14 17 11 3 
0 27 35 14 26 24 14 20 26 11 14 21 4 26 45 51 34 52 26 40 34 43 32 33 26 46 61 46 27 
0 44 51 7 4 26 16 20 8 2 10 26 1 17 14 22 13 26 5 14 23 26 9 20 12 15 18 26 14 21 4 17 26 19 7 4 26 11 0 25 24 26 3 14 6 30 
0 37 51 7 4 26 5 8 21 4 26 1 14 23 8 13 6 26 22 8 25 0 17 3 18 26 9 20 12 15 26 16 20 8 2 10 11 24 30 
0 40 47 0 2 10 26 12 24 26 1 14 23 26 22 8 19 7 26 5 8 21 4 26 3 14 25 4 13 26 11 8 16 20 14 17 26 9 20 6 18 30 
0 58 39 14 22 26 17 0 25 14 17 1 0 2 10 29 9 20 12 15 8 13 6 26 5 17 14 6 18 26 2 0 13 26 11 4 21 4 11 26 18 8 23 26 15 8 16 20 4 3 26 6 24 12 13 0 18 19 18 30 
0 35 48 20 8 2 10 26 22 0 5 19 8 13 6 26 25 4 15 7 24 17 18 26 21 4 23 26 1 14 11 3 26 41 8 12 30 
0 57 51 7 4 26 12 4 4 19 8 13 6 26 22 8 11 11 26 1 4 6 8 13 26 15 17 14 12 15 19 11 24 26 0 19 26 13 8 13 4 26 32 44 60 26 3 14 13 19 26 1 4 26 11 0 19 4 30 
0 53 51 7 4 26 18 4 2 17 4 19 26 2 14 3 4 26 19 14 26 20 13 11 14 2 10 26 19 7 4 26 19 17 4 0 18 20 17 4 26 2 7 4 18 19 26 8 18 26 59 27 27 58 60 
0 74 54 4 11 2 14 12 4 26 19 14 26 43 14 18 26 50 0 13 19 14 18 30 26 51 7 4 26 2 8 19 24 26 14 5 26 2 4 11 11 20 11 14 18 4 28 26 18 0 13 3 28 26 0 13 3 26 2 4 11 11 20 11 8 19 4 26 17 4 12 14 21 0 11 30 
0 90 38 51 32 26 53 40 26 8 18 26 4 23 15 4 2 19 4 3 26 19 14 26 17 4 11 4 0 18 4 26 8 13 26 19 22 4 13 19 24 26 19 22 4 13 19 24 29 5 8 21 4 26 59 38 51 32 40 40 40 62 38 51 32 53 62 38 51 32 53 40 26 59 43 14 14 10 8 13 6 37 14 17 22 0 17 3 19 14 40 19 
0 88 46 18 12 0 13 19 7 20 18 26 22 8 13 4 26 19 0 18 19 4 18 26 19 7 4 26 18 0 12 4 26 0 18 26 40 26 17 4 12 4 12 1 4 17 30 30 30 26 33 20 19 26 22 7 4 17 4 26 0 17 4 26 19 7 14 18 4 26 22 7 14 26 18 7 0 17 4 26 19 7 4 26 12 4 12 14 17 24 
0 73 63 56 14 8 12 8 24 0 26 63 56 0 4 44 8 10 14 26 63 42 14 10 14 12 8 26 63 49 0 8 3 4 13 50 7 14 6 20 13 26 63 42 0 12 8 18 0 19 14 32 24 0 10 0 26 63 42 0 25 20 7 0 26 63 32 11 7 0 8 19 7 0 12 
0 86 45 4 21 4 17 26 6 14 13 13 0 26 6 8 21 4 26 24 14 20 26 20 15 31 45 4 21 4 17 26 6 14 13 13 0 26 11 4 19 26 24 14 20 26 3 14 22 13 31 45 4 21 4 17 26 6 14 13 13 0 26 17 20 13 26 0 17 14 20 13 3 26 0 13 3 26 3 4 18 4 17 19 26 24 14 20 
0 144 50 20 15 4 17 26 41 20 13 8 14 17 60 26 33 40 38 33 32 45 38 60 26 50 39 40 45 4 4 60 26 40 45 37 40 45 40 51 36 60 26 38 8 17 11 18 38 4 13 4 17 0 19 8 14 13 60 26 51 29 0 17 0 60 26 36 55 46 60 26 33 51 50 60 26 49 4 3 26 53 4 11 21 4 19 60 26 51 54 40 34 36 60 26 38 40 29 35 43 36 60 26 43 36 50 50 36 49 32 37 40 44 60 26 45 4 22 41 4 0 13 18 60 26 0 4 18 15 0 26 59 54 7 14 35 14 56 14 20 43 8 10 4 27 
0 91 33 17 4 0 10 5 0 18 19 26 0 19 26 51 8 5 5 0 13 24 18 26 0 13 3 26 1 14 19 19 11 4 18 26 14 5 26 1 20 1 1 11 4 18 31 38 8 17 11 18 26 22 8 19 7 26 19 0 19 19 14 14 18 26 22 7 14 26 11 8 10 4 26 6 4 19 19 8 13 6 26 8 13 26 19 17 14 20 1 11 4 
0 75 43 0 18 7 4 18 26 0 13 3 26 3 8 0 12 14 13 3 18 28 26 32 51 44 26 12 0 2 7 8 13 4 18 31 33 20 24 26 12 24 18 4 11 5 26 0 11 11 26 14 5 26 12 24 26 5 0 21 14 17 8 19 4 26 19 7 8 13 6 18 26 24 4 0 7 
0 101 40 26 6 14 19 26 0 11 11 26 40 26 13 4 4 3 28 26 24 14 20 26 10 13 14 22 28 26 13 14 19 7 8 13 6 26 4 11 18 4 26 2 0 13 26 1 4 0 19 30 31 51 7 4 26 22 0 24 26 19 7 0 19 26 40 26 5 4 4 11 26 22 7 4 13 26 40 12 26 3 0 13 2 8 13 6 26 22 8 19 7 26 12 24 26 6 8 17 11 18 30 
0 46 54 7 0 19 26 7 0 18 26 5 8 21 4 26 19 14 4 18 26 1 20 19 26 8 18 13 19 26 24 14 20 17 26 5 14 14 19 27 26 44 24 26 5 14 14 19 
0 114 40 26 0 18 10 4 3 26 0 13 26 36 13 6 11 8 18 7 12 0 13 28 26 0 26 37 17 4 13 2 7 12 0 13 28 26 0 26 50 15 0 13 8 0 17 3 26 0 13 3 26 0 26 38 4 17 12 0 13 26 8 5 26 19 7 4 24 26 2 14 20 11 3 26 18 4 4 26 12 4 30 26 51 7 4 24 26 17 4 18 15 14 13 3 4 3 26 24 4 18 28 26 14 20 8 28 26 18 8 28 26 9 0 30 
0 66 51 7 4 26 15 0 18 19 28 26 15 17 4 18 4 13 19 28 26 0 13 3 26 5 20 19 20 17 4 26 0 11 11 26 22 0 11 10 4 3 26 8 13 19 14 26 0 26 1 0 17 30 26 40 19 26 22 0 18 26 19 4 13 18 4 30 
1 8 62 39 29 47 17 19 24 43 
1 9 52 22 18 18 40 6 4 22 49 
1 9 48 0 22 12 29 27 47 30 0 
1 9 44 28 15 53 34 7 47 43 36 
1 11 5 24 18 13 8 61 4 24 17 47 3 
1 7 16 22 32 10 19 39 31 
1 7 59 48 30 47 15 61 20 
1 7 4 61 42 19 21 28 53 
1 8 0 1 37 61 42 50 2 20 
1 11 15 19 63 4 47 39 58 20 32 30 11 
1 7 12 24 16 29 26 46 3 
1 13 1 59 38 10 13 30 56 1 5 6 10 42 35 
1 8 25 19 45 31 61 26 60 41 
1 8 63 32 2 57 8 50 6 7 
1 11 47 47 37 25 29 36 5 63 58 25 53 
1 37 49 5 45 12 37 7 8 4 2 27 15 39 34 48 34 28 60 62 46 3 8 34 62 2 60 4 6 3 18 54 53 46 6 41 62 50 27 
1 40 29 4 58 19 56 19 54 56 37 4 56 8 10 27 52 31 29 53 51 42 16 50 50 54 6 44 45 23 54 19 52 25 27 26 51 55 2 32 32 37 
1 39 63 1 23 60 63 29 15 43 50 41 25 29 9 36 9 52 16 39 27 25 5 24 16 2 39 38 31 52 33 39 23 56 58 5 54 25 51 57 18 
1 28 42 48 42 40 40 38 31 30 61 48 55 19 15 54 14 42 49 43 62 26 48 63 4 53 25 0 32 8 
1 42 10 33 13 19 28 32 52 11 12 56 39 44 60 46 35 23 38 46 45 40 56 44 7 58 17 4 50 27 53 41 29 48 30 40 35 27 55 24 1 50 27 59 
1 13 23 21 34 5 5 27 44 15 14 4 48 36 22 
1 27 14 60 21 32 19 41 14 8 61 22 54 58 60 12 25 57 9 22 22 56 3 4 3 42 38 63 31 
1 32 44 35 36 5 48 58 3 4 54 11 20 61 42 3 19 62 3 10 55 26 0 19 59 26 36 58 14 39 46 4 59 62 
1 33 45 6 0 37 61 55 37 40 6 28 59 10 39 56 5 52 13 53 58 5 7 26 52 27 46 58 32 40 56 7 35 12 11 
1 41 9 34 25 12 5 52 9 9 53 43 45 23 3 33 41 40 59 14 53 45 1 1 54 58 33 33 32 20 44 56 17 50 9 45 54 16 27 28 10 24 32 
1 26 20 21 50 5 61 60 48 10 14 51 31 21 50 19 43 55 42 47 16 59 9 35 52 15 61 7 
1 43 41 48 42 37 31 26 11 3 38 62 34 42 29 37 15 30 6 42 16 20 61 43 56 50 23 2 25 31 62 49 5 24 62 47 8 52 54 51 22 42 21 53 61 
1 95 19 50 44 45 42 48 58 48 43 47 8 56 45 3 27 47 2 24 47 2 32 59 53 55 63 13 17 39 51 46 47 63 27 39 52 17 27 9 28 23 21 41 32 35 26 42 21 36 56 48 62 7 21 3 30 3 56 42 22 17 47 50 26 25 58 24 28 23 11 35 7 25 61 58 52 29 37 24 35 58 23 6 58 10 55 6 33 56 7 56 30 42 34 62 41 
1 114 50 4 40 9 8 36 13 46 52 40 34 2 25 50 11 49 55 50 0 62 48 39 4 35 49 44 36 26 43 16 4 18 53 27 11 41 50 38 56 24 49 60 61 29 17 9 55 8 54 29 34 61 45 4 48 43 50 6 55 29 33 45 36 37 5 22 54 25 31 47 36 24 49 30 34 53 37 45 32 0 14 2 53 40 13 36 20 21 29 19 43 41 13 18 7 25 8 28 53 33 22 42 37 17 12 18 5 40 43 63 31 19 38 37 
1 71 16 26 49 53 42 4 11 37 14 20 19 3 18 28 62 11 13 32 47 18 46 47 62 2 55 39 19 25 51 23 59 16 17 0 34 45 39 42 52 11 29 57 0 63 60 49 58 16 30 30 6 44 3 26 55 35 31 57 60 27 7 11 55 8 35 47 58 26 63 34 12 
1 69 22 45 14 4 17 25 38 52 35 12 53 37 53 32 62 31 49 59 42 44 5 58 0 18 18 7 20 14 59 15 57 24 32 61 18 39 20 55 12 37 49 31 6 14 61 39 23 33 2 48 15 14 6 20 55 46 28 33 42 2 13 52 12 58 61 11 45 26 63 
1 98 16 55 34 56 59 56 44 30 17 23 46 29 58 28 39 55 56 48 52 4 26 10 16 0 2 41 11 60 62 43 5 62 22 43 32 21 14 56 6 28 8 8 22 9 2 34 33 33 17 23 33 39 41 58 44 2 16 55 27 5 4 11 3 6 52 47 63 18 61 55 1 31 20 62 14 36 10 51 56 31 47 5 53 42 15 26 2 39 49 48 4 48 25 9 37 8 15 36 
1 53 4 48 10 3 39 41 25 6 24 23 42 36 21 11 8 17 23 4 41 27 10 29 8 34 40 63 62 29 44 25 4 27 47 20 15 38 28 19 62 39 56 58 38 16 16 15 63 8 28 48 34 58 46 
1 74 61 40 27 10 49 38 41 15 1 45 38 45 9 3 47 7 18 32 19 41 29 32 32 29 54 29 56 11 59 34 32 28 61 34 62 14 60 61 4 44 58 3 61 38 56 3 57 39 12 16 22 0 14 36 36 18 16 16 60 0 21 60 48 9 61 51 6 37 53 41 20 61 40 13 
1 85 42 47 44 16 45 46 43 51 31 55 63 37 20 56 57 46 23 19 31 48 12 36 38 63 50 3 51 43 30 5 58 49 17 23 62 3 58 58 50 47 52 21 9 62 13 9 28 38 13 14 36 48 1 32 48 16 29 33 44 8 57 1 54 17 28 36 50 7 43 1 29 34 13 46 23 46 0 6 20 32 15 23 53 31 21 
1 86 45 28 56 56 39 39 20 62 50 19 4 51 9 10 48 62 57 53 38 44 51 44 58 33 41 31 34 20 6 18 42 58 6 34 37 31 62 39 50 33 0 27 54 41 55 29 20 16 20 12 42 25 50 28 8 38 17 39 14 42 27 39 58 28 16 12 31 4 13 9 44 54 10 42 26 33 57 60 29 48 8 0 63 5 10 38 
1 101 15 47 19 54 57 23 47 26 22 14 41 31 23 59 2 60 0 58 54 60 34 41 35 22 37 52 59 48 5 32 32 20 25 8 59 13 5 36 58 11 29 20 4 51 17 0 37 35 50 3 30 6 11 38 48 51 43 9 28 37 21 20 16 13 21 16 4 17 48 20 25 29 59 27 56 47 35 16 60 5 35 6 35 56 1 2 24 2 39 15 54 29 56 26 27 10 27 31 44 45 8 
1 88 36 32 43 59 39 1 27 36 9 30 35 17 43 34 21 39 42 2 38 52 31 20 42 27 14 43 27 28 9 55 46 63 28 46 59 38 35 7 8 8 42 53 13 33 51 14 62 51 8 15 58 12 19 40 58 29 29 27 25 27 53 19 21 23 34 47 43 32 15 14 9 27 15 44 42 2 5 36 37 56 55 10 61 15 39 31 12 37 
1 58 1 2 54 53 19 23 46 30 0 45 51 31 12 1 49 51 45 51 50 24 49 17 48 62 7 37 12 8 10 7 21 49 26 60 48 62 63 27 40 59 4 38 55 38 22 43 49 62 38 49 10 29 63 25 3 55 47 62 
1 55 61 14 18 28 11 53 20 19 30 13 48 42 7 42 17 41 41 21 14 16 63 57 7 38 63 53 6 25 7 19 49 43 4 47 20 34 58 15 41 4 58 57 49 11 38 45 25 57 8 10 25 61 56 60 49 
1 60 51 29 36 58 41 45 17 35 13 26 4 54 22 23 34 46 25 13 13 53 63 23 54 2 31 18 4 27 52 5 40 43 62 41 9 32 63 11 1 1 39 33 32 7 22 53 15 52 22 30 24 50 36 31 15 15 20 9 41 13 
1 184 20 62 22 55 56 4 41 53 36 59 46 42 29 1 33 18 57 31 17 25 46 50 13 36 40 57 37 19 5 21 63 17 36 22 39 10 27 35 24 15 18 28 27 25 31 59 21 20 58 27 48 43 52 4 57 56 34 16 4 11 21 26 4 13 13 6 24 26 50 4 12 13 14 51 32 25 12 12 26 28 54 17 27 16 41 11 6 59 52 17 16 38 38 13 14 25 27 42 57 46 18 34 46 60 33 12 21 55 42 34 38 61 37 55 2 36 60 32 25 59 7 0 30 60 29 14 49 9 8 41 21 31 22 41 54 21 37 14 49 4 50 8 57 50 19 33 22 55 46 38 22 41 16 40 61 47 46 31 34 60 17 33 40 26 21 1 31 53 3 38 63 34 63 35 32 55 53 37 7 46 56 4 53 3 
1 74 14 62 42 18 37 36 61 36 51 4 2 5 20 1 35 32 50 63 33 7 54 51 41 33 24 14 37 42 18 46 30 43 29 15 4 55 56 51 25 44 16 2 20 61 13 40 45 47 13 57 51 14 36 28 60 21 34 58 10 55 52 48 48 11 30 21 1 7 14 57 62 34 29 29 
1 61 21 13 34 20 25 23 56 20 17 48 37 60 5 42 48 38 53 23 46 28 27 25 50 27 26 45 29 22 1 41 58 63 29 62 27 54 40 20 14 55 20 44 10 28 55 44 24 19 46 42 60 43 33 0 51 13 14 44 47 54 22 
1 83 35 10 27 60 61 38 43 9 13 15 13 32 39 18 12 16 58 14 19 46 58 15 23 16 23 29 0 0 19 14 47 57 47 18 60 9 56 15 56 13 56 1 6 4 45 58 6 35 50 41 19 37 51 7 3 28 16 1 26 44 39 54 53 55 37 23 29 19 30 2 29 12 0 47 33 13 13 30 1 60 62 58 62 
1 174 38 10 59 6 30 27 50 33 52 44 55 55 16 52 3 62 46 13 1 61 62 21 55 40 27 31 47 31 47 31 47 31 47 31 47 29 60 40 51 17 20 47 12 53 58 24 58 24 51 33 7 12 53 34 47 46 53 34 47 46 53 33 7 27 53 33 7 12 53 33 7 27 22 61 34 29 11 30 22 10 29 50 17 12 3 22 50 55 55 21 58 46 58 26 52 44 55 55 55 55 16 52 3 13 24 46 25 44 14 9 6 6 6 8 48 5 9 18 35 23 29 23 29 23 19 35 34 32 36 23 51 53 42 59 42 59 51 16 40 46 56 16 15 29 62 50 63 12 62 2 49 57 45 41 4 22 50 55 55 21 6 6 13 13 13 13 13 13 13 13 13 27 35 46 
1 88 52 17 17 17 36 49 21 35 35 35 5 20 28 5 43 60 60 0 57 43 24 40 16 39 58 2 40 23 39 23 39 23 39 1 31 34 6 12 13 24 57 36 15 34 51 28 3 28 3 28 3 28 3 28 3 21 15 5 8 49 42 51 37 54 51 28 56 5 49 56 63 13 26 41 58 0 29 3 52 25 60 24 24 24 24 17 5 13 
1 124 40 41 36 16 36 26 60 15 60 15 60 45 13 26 53 44 50 23 50 21 20 52 7 18 6 50 43 62 9 23 28 20 27 51 8 38 56 30 55 41 38 4 38 4 38 4 38 4 38 4 38 4 55 20 62 59 37 46 4 46 11 11 11 11 11 11 11 11 11 11 11 46 56 17 24 21 23 2 2 34 11 34 11 34 11 34 11 34 3 3 11 34 11 51 0 29 29 4 30 56 55 21 9 36 25 1 32 45 12 19 55 60 58 20 21 20 7 56 4 40 56 14 37 9 
1 141 32 12 13 31 38 45 42 12 0 52 29 20 22 7 45 5 11 29 25 58 16 58 33 59 3 23 59 45 32 27 34 55 27 27 27 26 18 50 10 49 0 38 19 9 11 58 2 14 20 60 61 8 43 58 24 19 24 19 24 6 29 20 15 25 56 16 52 14 14 14 14 22 52 47 30 41 42 46 46 46 46 46 46 24 57 49 49 46 46 56 47 45 18 5 36 48 50 59 25 18 45 1 57 9 17 7 19 1 38 54 36 3 59 20 48 28 58 60 51 16 52 0 51 1 56 44 63 20 45 32 22 44 22 12 38 49 49 32 49 32 49 
1 235 16 14 58 35 55 55 48 40 63 38 32 8 31 19 19 32 23 54 17 4 58 60 26 63 38 25 12 33 43 17 57 12 56 62 20 18 2 22 47 13 1 1 52 62 22 22 22 47 13 1 1 1 1 52 62 22 22 22 22 47 13 1 1 1 52 62 6 11 41 31 21 23 23 23 23 23 40 11 32 56 38 44 11 53 56 53 56 33 8 53 56 53 56 33 8 53 56 53 33 10 8 31 10 16 19 59 35 19 62 56 40 35 40 35 40 35 55 62 35 6 62 61 40 4 62 4 62 35 40 35 40 35 40 12 39 7 24 33 48 8 47 63 31 53 24 49 8 14 35 19 53 21 33 18 58 19 32 23 2 12 56 25 38 44 43 17 17 38 49 29 14 50 62 47 37 56 52 62 22 22 22 56 47 22 22 22 22 56 47 22 22 22 22 56 47 22 22 22 56 47 14 38 7 8 33 8 33 7 7 7 8 33 8 33 8 33 7 7 7 7 7 8 33 7 7 7 7 8 33 7 7 7 7 8 33 
