25 62 36 18 26 24 9 48 19 2 53 9 63 26 19 1 26 14 48 39 25 55 29 25 63 24 59 62 11 29 58 42 3 36 9 5 5 3 10 
30 48 58 39 7 13 49 62 36 29 11 43 39 2 33 17 57 33 35 5 59 12 41 48 25 56 36 27 24 18 20 25 56 9 43 12 12 36 6 13 
18 52 29 11 44 27 6 21 35 37 42 1 58 56 45 32 8 21 23 63 
6 55 56 34 23 16 53 54 1 23 24 60 35 41 41 27 19 49 1 27 51 4 17 11 21 27 
22 42 0 31 63 34 46 49 57 6 13 12 22 14 51 4 13 52 61 21 32 20 53 1 58 53 6 16 11 4 38 1 10 9 53 32 37 9 12 49 2 12 61 12 11 
0 32 44 39 19 8 0 61 16 27 44 18 16 37 46 52 49 12 1 26 15 20 3 47 28 59 57 58 62 60 27 24 63 8 12 11 51 56 27 
5 35 37 53 30 37 35 26 42 33 19 59 44 19 8 30 39 58 
37 63 12 27 1 53 37 29 59 39 55 21 51 58 4 5 37 
14 41 31 0 1 25 23 11 45 42 35 46 43 3 26 10 50 19 61 0 15 12 12 16 10 27 50 36 50 10 1 60 61 24 35 20 12 45 18 58 17 15 42 16 41 52 59 
18 1 57 40 61 49 57 5 28 60 61 21 23 5 1 52 37 35 32 13 14 57 23 38 22 36 53 17 8 42 49 13 37 34 57 54 53 9 22 23 32 47 7 27 
57 62 20 18 16 29 20 9 34 39 28 36 9 13 32 6 24 22 41 4 56 5 8 57 41 29 3 3 1 29 0 23 40 37 
16 34 0 10 57 34 29 44 62 47 10 2 13 24 8 21 45 40 63 46 7 26 37 31 41 18 55 52 44 22 2 24 24 52 8 26 60 51 48 20 50 25 19 63 14 37 9 
36 8 22 51 38 4 61 60 58 9 5 8 43 46 40 50 27 48 29 19 59 41 32 20 58 48 50 54 41 16 9 61 22 45 30 40 12 15 9 10 
27 6 50 18 42 36 0 30 14 2 52 55 13 63 63 48 22 17 62 39 36 0 54 19 43 56 34 38 35 62 17 20 50 36 13 7 51 59 4 44 41 8 26 5 52 53 23 33 
33 42 51 62 2 45 32 41 43 19 53 60 14 43 36 45 45 37 30 19 17 6 36 6 46 7 4 3 28 10 23 31 56 50 44 28 44 62 52 20 54 3 27 12 55 57 38 
12 5 53 42 51 52 50 48 4 36 10 47 7 48 49 35 62 28 35 38 16 63 36 57 15 32 30 23 56 15 56 17 28 40 52 19 25 53 41 53 24 62 20 
44 58 52 2 47 63 58 7 12 58 28 43 41 16 18 59 58 6 39 19 60 51 38 22 33 34 7 41 6 5 59 45 30 43 43 16 27 3 38 
24 21 16 50 6 24 2 39 25 47 57 34 29 41 41 51 14 59 47 42 38 40 59 0 2 28 0 0 13 0 42 43 21 28 0 58 52 60 16 22 45 27 19 14 36 55 25 
19 0 50 39 26 35 52 19 8 50 34 24 47 38 3 41 27 57 
33 40 43 2 20 16 14 0 53 23 56 19 26 11 42 42 31 16 28 22 38 6 27 23 55 28 12 35 10 13 41 15 32 60 45 11 24 1 0 44 30 0 
59 40 23 10 5 7 53 18 49 61 57 39 46 60 27 57 61 24 59 27 31 42 54 11 22 59 49 1 6 30 3 12 30 58 63 33 59 52 31 13 46 60 32 43 24 57 
42 4 56 48 32 12 57 2 37 36 36 31 56 35 11 47 45 57 20 54 23 47 13 24 27 58 29 50 18 54 44 60 16 24 56 7 1 8 41 14 36 6 21 56 
41 50 49 51 61 1 48 59 54 11 0 17 27 7 35 7 30 36 60 38 39 46 48 15 52 30 44 0 25 
15 37 60 23 49 15 27 52 61 15 27 46 43 41 23 13 44 39 17 24 59 47 27 0 60 38 16 36 46 23 55 1 35 6 28 17 54 59 24 40 30 38 42 13 25 37 35 36 49 53 37 59 38 
52 26 25 56 25 51 61 55 60 34 24 30 23 42 21 62 9 50 29 33 32 48 20 25 34 59 20 35 56 41 58 16 39 25 11 48 23 61 51 42 
60 13 61 59 34 18 60 31 62 1 3 26 21 11 1 63 34 4 62 40 25 60 12 2 12 11 36 34 60 10 17 29 0 11 11 33 8 62 58 60 21 14 10 55 46 35 9 49 
46 0 44 52 59 2 7 22 21 44 16 4 13 16 58 53 46 55 53 14 16 46 50 31 61 33 34 59 32 48 25 22 32 40 3 35 0 42 10 51 21 44 23 34 44 36 61 
27 16 54 18 62 61 56 0 49 47 50 24 24 49 11 35 46 18 5 10 15 22 40 47 55 21 16 43 27 33 10 8 42 35 26 35 35 63 39 54 42 7 5 
59 40 54 38 39 52 48 51 44 41 55 24 32 50 63 59 52 46 63 22 34 22 61 5 22 40 48 45 46 50 57 11 24 55 15 33 50 23 33 41 41 24 3 16 27 8 59 49 9 3 
61 25 11 43 15 1 36 3 35 19 18 63 38 37 22 7 55 10 38 34 16 35 59 41 32 24 56 51 42 4 2 32 39 53 41 53 12 41 
54 20 61 51 3 57 48 39 42 28 9 53 24 40 17 17 9 31 36 60 22 20 0 31 17 46 28 29 33 17 5 8 24 9 26 43 42 43 52 14 21 32 47 50 43 40 10 27 10 
12 29 25 21 54 52 16 2 53 55 55 14 12 19 25 15 47 18 54 25 23 59 11 62 40 20 40 43 6 14 55 0 20 60 53 29 29 49 6 37 27 18 60 
60 2 56 7 17 53 
41 44 13 25 53 29 36 37 23 24 23 54 60 19 50 34 4 10 37 1 49 32 
43 56 51 8 49 20 53 61 20 30 19 32 58 9 19 5 50 43 6 18 61 56 31 2 63 6 58 43 15 38 22 44 0 46 30 60 38 24 0 22 57 9 
36 27 2 7 20 42 49 15 59 56 52 20 55 4 30 7 21 18 49 19 11 51 30 41 48 2 
26 53 3 47 58 33 12 54 24 34 59 62 56 49 0 13 21 46 55 52 63 60 5 40 4 15 1 55 0 41 16 46 13 59 27 20 62 13 1 42 63 50 9 47 25 58 6 53 36 28 23 
21 51 22 21 50 12 17 27 41 58 29 7 31 35 41 7 20 52 8 28 39 40 12 31 47 63 63 10 9 18 41 42 17 41 25 30 21 14 41 60 30 62 21 
33 1 53 61 57 43 39 28 47 2 59 1 47 25 20 10 62 59 29 2 40 57 50 16 53 11 2 53 27 48 50 48 21 31 31 0 16 45 45 56 46 38 
41 48 3 11 36 32 28 8 2 12 53 6 22 28 26 26 25 25 12 29 46 3 16 19 25 8 26 13 9 14 46 1 21 1 59 14 36 21 49 40 35 35 28 18 51 50 45 
40 56 43 35 33 1 51 42 41 15 51 63 30 59 29 1 53 4 26 12 55 13 55 54 22 52 62 38 63 26 10 2 27 31 21 43 18 34 22 36 58 58 58 0 
58 12 55 37 2 58 56 39 27 6 58 60 35 41 63 37 50 10 26 7 18 36 26 25 27 34 63 15 
29 29 47 59 44 12 17 16 58 2 26 31 13 49 22 26 0 44 32 39 63 11 26 5 36 4 19 21 38 39 
51 49 59 12 43 51 27 8 6 33 16 47 5 27 28 6 56 31 20 46 50 55 11 53 3 10 34 57 36 40 31 29 56 47 12 63 54 44 45 1 
15 52 40 52 32 7 61 60 61 53 18 59 40 61 19 48 34 43 62 28 25 30 43 51 34 52 31 21 33 50 4 38 27 24 38 47 38 36 46 38 0 56 61 38 13 43 23 
41 13 6 8 6 14 33 41 0 34 59 38 35 0 10 49 14 44 36 28 21 16 10 50 18 5 61 43 19 10 55 33 31 15 27 54 1 47 60 34 32 5 31 
35 43 49 1 46 48 30 8 0 60 
62 54 42 22 39 47 63 28 50 40 48 48 39 61 
20 9 10 63 5 45 42 44 30 11 62 31 10 26 10 17 59 12 11 40 19 6 53 31 20 4 37 24 4 42 35 8 17 20 12 52 35 19 20 59 6 55 60 35 47 35 7 20 23 51 30 26 10 5 60 54 13 38 38 49 19 27 21 21 28 35 
2 53 28 29 20 57 28 60 58 63 17 26 48 60 10 38 15 40 10 
30 19 16 41 28 17 38 37 33 41 28 27 35 12 3 18 30 4 50 25 15 33 43 7 59 60 3 63 44 48 48 43 9 5 20 26 5 33 8 0 14 39 49 38 32 2 25 49 4 19 36 6 50 48 23 43 46 5 5 11 8 26 30 36 1 61 38 16 24 6 50 54 63 14 62 21 2 8 61 52 22 52 55 42 24 2 14 10 56 4 36 16 19 38 7 48 38 30 13 46 15 40 37 55 30 15 4 55 29 56 19 28 60 29 38 12 41 23 59 41 45 35 24 30 26 42 24 8 63 29 47 10 17 5 46 2 25 63 47 52 37 33 27 6 15 38 50 5 4 60 17 31 55 51 50 21 14 21 17 10 41 22 47 7 20 27 43 12 43 10 31 54 4 31 7 50 37 0 1 15 9 52 7 53 40 33 63 38 18 33 57 5 56 35 62 6 39 59 57 40 21 41 1 29 20 0 3 2 23 20 36 57 51 26 3 10 40 14 51 19 3 62 46 2 45 6 39 60 35 24 2 5 44 46 51 33 57 28 16 47 16 45 46 17 47 56 56 59 1 38 39 29 2 51 15 56 11 13 32 50 50 50 52 17 44 21 33 34 27 44 17 59 25 45 8 24 20 12 61 27 0 19 34 25 58 9 24 20 62 15 10 12 51 0 28 37 35 12 0 15 44 28 1 44 45 27 35 6 57 52 25 36 9 54 58 53 41 14 8 26 14 51 12 29 45 27 56 53 6 37 8 37 43 39 42 10 43 33 25 48 30 22 26 4 25 60 52 61 26 40 52 41 33 23 46 52 43 44 23 8 3 55 27 21 54 32 15 31 50 25 10 59 10 11 49 33 28 37 1 50 5 62 2 33 46 50 11 5 4 44 25 7 16 1 59 44 57 45 11 20 19 7 18 23 34 2 22 20 4 1 39 18 17 38 23 8 37 54 30 27 48 1 5 5 44 43 22 7 59 20 53 14 26 17 34 46 12 29 31 54 18 11 60 3 60 34 38 25 9 61 48 43 59 11 35 44 7 30 39 57 60 19 59 9 45 39 9 60 62 39 34 44 21 60 62 1 19 50 9 45 59 35 13 42 32 22 40 19 27 62 13 6 17 40 50 30 8 34 40 48 22 62 54 5 14 60 9 52 50 53 51 41 29 53 52 35 13 30 37 50 52 28 3 59 11 7 47 36 48 24 28 49 57 12 28 12 30 1 49 23 46 63 7 43 51 61 12 30 42 56 14 23 28 45 59 31 54 2 2 20 55 14 48 17 43 39 43 44 60 3 62 35 57 62 31 34 31 13 38 42 33 57 2 18 57 51 52 20 0 2 34 9 19 16 59 52 50 5 2 28 30 4 33 3 26 7 55 27 8 29 21 54 25 34 55 54 8 0 25 6 33 55 38 28 43 6 0 38 47 8 58 35 16 38 35 57 32 18 48 52 35 47 49 11 45 61 8 49 21 20 12 52 27 2 32 28 43 40 39 21 21 48 36 62 63 62 14 47 53 17 14 44 58 47 3 55 37 55 42 27 16 33 58 60 42 3 17 52 0 21 24 63 12 37 48 10 21 23 14 53 15 7 42 6 11 0 23 1 29 35 62 42 47 55 12 14 30 24 16 22 56 5 38 35 37 7 54 20 24 32 5 8 33 12 23 42 13 1 3 41 47 50 19 49 1 61 2 15 1 33 51 9 34 18 30 4 11 49 12 37 2 54 9 16 4 19 53 19 49 38 21 1 12 11 20 2 9 29 54 48 26 14 43 55 30 0 38 40 40 3 37 25 7 31 4 11 9 26 27 1 14 5 57 52 21 24 35 50 62 38 27 56 9 23 1 22 27 9 41 62 50 34 39 45 26 19 18 52 9 47 42 23 47 43 27 48 13 11 20 33 19 28 17 58 17 37 35 42 39 41 17 47 27 45 38 30 38 39 51 24 26 23 35 22 0 32 24 62 39 32 51 35 6 21 49 30 49 37 17 47 27 21 57 7 46 1 62 55 31 35 16 4 21 59 11 40 9 36 18 20 15 18 4 16 4 17 57 20 13 6 8 39 33 16 16 2 42 14 14 16 25 62 41 53 18 57 38 22 13 53 23 30 39 5 2 46 7 4 30 56 61 38 18 20 33 11 51 31 14 30 47 40 36 21 49 10 49 35 47 18 18 3 57 33 4 30 55 54 34 42 45 44 38 2 4 48 54 41 3 56 13 23 33 6 53 10 50 21 23 13 40 2 32 26 24 23 17 1 37 54 6 33 25 11 5 15 20 44 20 31 63 27 48 5 54 49 12 47 32 16 22 45 20 59 43 22 47 1 24 33 54 34 32 40 56 1 33 12 2 30 23 21 23 7 18 11 1 11 58 30 29 52 13 13 43 39 46 33 17 35 32 41 19 56 24 27 49 10 57 7 27 3 0 14 29 61 13 36 50 60 12 49 53 34 45 21 52 14 6 48 0 4 14 59 43 55 17 7 23 18 33 45 45 53 37 63 31 28 41 43 38 40 24 22 15 19 40 2 11 11 19 31 10 43 52 5 34 11 57 48 20 7 20 11 60 21 40 2 7 2 5 33 18 1 46 13 63 37 22 11 38 61 62 22 47 38 22 36 9 42 27 60 15 1 34 31 60 55 12 15 31 50 19 47 47 32 6 0 43 16 45 48 19 50 60 36 22 32 33 56 63 16 52 58 20 35 37 32 61 3 60 8 38 18 34 16 18 27 35 53 59 44 7 30 58 35 47 61 20 16 32 32 52 59 39 30 39 43 48 38 38 60 3 11 21 61 40 62 40 34 23 54 33 48 27 20 20 22 57 18 24 47 33 14 3 62 41 0 33 1 29 46 55 10 43 46 33 15 34 20 32 21 38 41 15 16 30 0 1 50 14 0 52 17 62 0 0 55 36 19 19 14 58 56 40 45 18 59 29 45 55 57 59 8 50 21 26 25 6 33 28 4 19 38 18 10 23 29 7 58 8 9 33 4 57 57 50 42 21 37 47 59 24 48 45 46 32 28 57 59 45 25 43 62 0 41 12 26 16 14 1 31 25 6 61 51 45 9 30 51 53 24 62 18 28 9 27 35 19 30 39 6 18 45 62 26 46 50 28 47 30 36 0 12 6 1 60 8 21 36 35 60 54 42 5 54 60 24 35 50 49 46 17 57 8 58 23 35 36 3 54 58 58 56 34 58 42 50 59 18 57 49 17 61 5 33 15 54 15 26 62 3 28 14 55 30 13 12 33 59 30 50 58 61 8 16 47 2 62 47 15 12 9 58 48 24 17 15 0 9 20 16 12 19 10 34 61 33 21 27 18 14 51 2 10 6 26 55 9 11 37 52 45 30 25 62 45 16 47 60 58 16 58 16 21 43 15 38 22 20 2 61 55 8 55 14 27 12 42 0 35 19 46 32 7 42 14 44 9 21 21 8 57 60 18 37 22 29 12 31 61 49 22 47 17 7 41 57 44 22 36 28 38 47 40 52 27 49 56 3 36 41 20 31 61 17 41 42 50 52 17 11 37 48 57 24 5 60 6 16 28 12 55 39 52 2 34 53 16 8 40 31 60 34 33 20 7 40 16 48 6 0 24 61 21 47 56 57 16 52 57 48 51 28 21 13 4 29 8 48 47 45 12 43 46 50 17 63 15 45 46 7 38 48 40 50 33 14 18 50 22 34 51 58 42 42 30 21 50 30 29 3 42 21 16 7 52 12 43 61 42 0 51 24 39 7 5 27 61 36 56 14 10 23 25 56 26 43 34 10 41 62 36 47 16 22 42 16 25 17 29 20 6 14 36 35 11 56 16 5 4 49 38 52 51 32 4 7 7 44 36 58 1 40 41 24 16 34 2 11 17 52 9 42 44 47 25 48 16 14 4 56 31 10 58 12 11 40 53 60 56 2 7 62 0 34 43 40 19 18 26 3 4 4 15 26 8 13 26 24 14 20 17 26 1 14 13 4 18 28 26 6 14 26 0 13 3 26 19 0 10 4 26 8 19 
51 7 8 18 26 8 18 26 24 14 20 17 26 12 14 12 4 13 19 28 26 13 14 22 26 8 18 26 24 14 20 17 26 19 8 12 4 28 26 18 14 
47 17 14 21 4 26 24 14 20 17 18 4 11 5 26 0 13 3 
49 8 18 4 26 17 8 18 4 
44 0 10 4 26 4 12 26 17 4 12 4 12 1 4 17 26 24 14 20 
49 8 18 4 
47 20 18 7 26 19 7 17 14 20 6 7 26 7 4 11 11 26 0 13 3 
49 8 18 4 26 17 8 18 4 
51 7 4 24 26 22 8 11 11 26 17 4 12 4 12 1 4 17 26 24 14 20 
49 8 18 4 
54 4 11 2 14 12 4 26 19 14 26 19 7 4 26 2 11 8 12 1 26 20 15 28 26 17 4 0 2 7 26 5 14 17 26 19 7 4 26 18 20 12 12 8 19 
53 8 18 8 14 13 18 26 15 17 0 24 26 19 7 0 19 26 14 13 4 26 5 0 11 18 4 26 18 19 4 15 26 11 4 0 3 26 19 7 4 26 4 13 3 28 26 18 14 
39 8 6 7 4 17 26 0 13 3 26 7 8 6 7 4 17 26 24 14 20 26 2 7 0 18 4 26 8 19 
40 19 26 18 26 3 4 4 15 26 8 13 26 24 14 20 17 26 1 11 14 14 3 28 26 6 14 26 0 13 3 26 19 0 10 4 26 8 19 
51 7 8 18 26 8 18 26 24 14 20 17 26 12 14 12 4 13 19 28 26 19 0 10 4 26 19 14 26 19 7 4 26 18 10 8 4 18 
38 14 26 0 13 3 26 15 17 14 21 4 26 24 14 20 17 18 4 11 5 26 0 13 3 
49 8 18 4 28 26 17 8 18 4 
44 0 10 4 26 4 12 26 17 4 12 4 12 1 4 17 26 24 14 20 
49 8 18 4 
47 20 18 7 26 19 7 17 14 20 6 7 26 7 4 11 11 26 0 13 3 
49 8 18 4 26 17 8 18 4 
51 7 4 24 26 22 8 11 11 26 17 4 12 4 12 1 4 17 26 24 14 20 
49 8 18 4 
50 14 26 6 4 19 26 0 11 14 13 6 28 26 18 14 26 6 4 19 26 0 11 14 13 6 28 26 6 14 
38 4 19 26 0 11 14 13 6 29 11 14 13 6 26 6 4 19 26 0 26 12 14 21 4 26 14 13 26 20 15 
50 14 26 6 4 19 26 0 11 14 13 6 28 26 18 14 26 6 4 19 26 0 11 14 13 6 28 26 6 14 
38 4 19 26 0 11 14 13 6 29 11 14 13 6 26 6 4 19 26 0 26 12 14 21 4 26 14 13 26 20 15 
32 13 3 26 8 5 26 24 14 20 26 5 8 6 7 19 26 0 12 14 13 6 26 19 7 4 26 3 4 0 3 26 1 4 13 4 0 19 7 26 19 7 4 26 3 8 17 19 
54 4 11 11 28 26 3 14 26 24 14 20 26 10 13 14 22 26 24 4 19 27 
54 4 11 11 28 26 3 14 26 24 14 20 26 22 0 13 19 26 8 19 27 
32 13 3 26 22 7 4 13 26 19 7 4 26 6 8 0 13 19 18 26 2 0 11 11 26 19 14 26 0 18 10 26 24 14 20 26 22 7 0 19 26 24 14 20 26 17 4 26 22 14 17 19 7 
35 14 26 24 14 20 26 10 13 14 22 26 8 5 27 
54 8 13 26 14 17 26 3 8 4 28 26 24 14 20 26 11 11 
47 17 14 21 4 26 24 14 20 17 18 4 11 5 26 0 13 3 
49 8 18 4 28 26 17 8 18 4 
44 0 10 4 26 26 4 12 26 17 4 12 4 12 1 4 17 26 24 14 20 
49 8 18 4 
47 20 18 7 26 19 7 17 14 20 6 7 26 7 4 11 11 26 0 13 3 
49 8 18 4 28 26 17 8 18 4 
51 7 4 24 26 22 8 11 11 26 17 4 12 4 12 1 4 17 26 24 14 20 
49 8 18 4 
47 17 14 21 4 26 24 14 20 17 18 4 11 5 26 0 13 3 
49 8 18 4 28 26 17 8 18 4 
47 8 2 10 26 20 15 26 24 14 20 17 26 22 4 0 15 14 13 26 0 13 3 26 5 0 2 4 26 8 19 
49 8 18 4 
40 19 18 26 3 4 4 15 26 8 13 26 24 14 20 17 26 1 11 14 14 3 28 26 6 14 26 0 13 3 26 19 0 10 4 26 8 19 26 60 8 19 26 18 26 3 4 4 15 26 8 13 26 24 14 20 17 26 1 11 14 14 3 28 26 6 14 26 0 13 3 26 19 0 10 4 26 8 19 60 
49 8 18 4 28 26 17 8 18 4 
60 39 8 6 7 4 17 26 0 13 3 26 7 8 6 7 4 17 26 24 14 20 26 2 7 0 18 4 26 8 19 60 26 7 8 6 7 4 17 26 0 13 3 26 7 8 6 7 4 17 26 24 14 20 26 2 7 0 18 4 26 8 19 
49 8 18 4 
49 8 18 4 28 26 17 8 18 4 26 18 14 26 6 4 19 26 0 11 14 13 6 28 26 18 14 26 6 4 19 26 0 11 14 13 6 28 26 6 14 
38 14 29 6 14 29 6 14 29 6 14 29 6 14 29 6 14 3 18 
38 14 29 6 14 29 6 14 29 6 14 29 6 14 29 6 14 3 18 
32 24 28 26 19 7 8 18 26 8 18 26 22 7 0 19 26 24 14 20 26 2 0 12 4 26 5 14 17 28 26 1 11 14 14 3 26 14 13 26 19 7 4 26 6 0 12 4 26 1 0 11 11 
36 21 4 17 24 1 14 3 24 26 3 17 14 15 15 8 13 6 26 11 8 10 4 26 17 0 8 13 5 0 11 11 
52 7 28 26 19 7 8 18 26 8 18 26 24 14 20 17 26 12 14 12 4 13 19 28 26 4 24 4 18 26 14 13 26 19 7 4 26 15 20 11 15 8 19 28 26 10 8 3 
51 7 8 13 10 26 2 7 20 17 2 7 26 9 20 18 19 26 14 15 4 13 4 3 
32 13 3 26 19 7 4 24 26 17 4 26 18 8 13 6 8 13 6 26 24 14 20 17 26 15 17 0 8 18 4 18 28 26 11 0 29 11 0 29 11 0 
50 2 17 4 0 12 8 13 6 26 24 14 20 17 26 13 0 12 4 26 14 20 19 26 11 14 29 11 14 29 11 14 20 3 
46 13 4 26 12 14 17 4 26 18 19 4 15 28 26 24 14 20 26 17 4 26 8 12 12 14 17 19 0 11 26 13 14 22 28 26 26 2 0 20 18 4 
46 13 2 4 26 24 14 20 26 15 11 0 24 26 38 14 3 28 26 14 13 2 4 26 24 14 20 26 15 11 0 24 26 38 14 3 
51 7 4 24 26 17 4 26 6 14 13 13 0 26 2 17 20 12 1 11 4 26 14 13 4 26 1 24 26 14 13 4 
51 7 4 13 26 22 4 26 6 14 13 26 26 17 8 3 4 26 17 8 6 7 19 26 8 13 19 14 26 19 7 4 26 18 20 13 
43 8 10 4 26 8 19 26 18 26 19 7 4 26 3 0 24 26 12 24 26 10 8 13 6 3 14 12 26 2 14 12 4 
33 0 1 24 28 26 22 4 26 17 4 26 6 14 29 6 14 29 6 14 29 6 14 29 6 14 29 6 14 3 18 
56 4 0 7 28 26 22 4 26 17 4 26 6 14 29 6 14 29 6 14 29 6 14 29 6 14 29 6 14 3 18 
32 24 28 26 22 4 11 2 14 12 4 26 19 14 26 19 7 4 26 1 8 6 26 18 7 14 22 28 26 13 4 23 19 26 14 13 26 19 7 4 26 11 0 3 3 4 17 
40 18 26 8 19 26 24 14 20 17 26 13 0 12 4 26 8 13 26 19 7 4 26 17 0 5 19 4 17 18 27 
33 17 8 4 5 29 1 17 8 4 5 29 1 17 8 4 5 26 12 14 12 4 13 19 26 14 5 26 18 8 11 4 13 2 4 
33 0 3 26 6 8 17 11 26 22 14 10 4 26 20 15 26 0 13 3 26 2 7 14 18 4 26 21 8 14 11 4 13 2 4 
32 13 3 26 19 7 4 24 26 17 4 26 18 8 13 6 8 13 6 26 12 24 26 15 17 0 8 18 4 18 28 26 11 0 29 11 0 29 11 0 
50 2 17 4 0 12 8 13 6 26 12 24 26 13 0 12 4 26 14 20 19 26 11 14 29 11 14 29 11 14 20 3 
51 7 8 18 26 8 18 26 22 7 24 26 22 4 26 17 4 26 8 12 12 14 17 19 0 11 26 13 14 22 28 26 26 2 0 20 18 4 
46 13 2 4 26 24 14 20 26 15 11 0 24 26 38 14 3 28 26 14 13 2 4 26 24 14 20 26 15 11 0 24 26 38 14 3 
51 7 4 24 26 17 4 26 6 14 13 13 0 26 2 17 20 12 1 11 4 26 14 13 4 26 1 24 26 14 13 4 26 26 60 2 17 20 12 1 11 4 26 14 13 4 26 1 24 26 14 13 4 26 58 
51 7 4 13 26 22 4 26 6 14 13 26 26 17 8 3 4 26 17 8 6 7 19 26 8 13 19 14 26 19 7 4 26 18 20 13 
43 8 10 4 26 8 19 26 18 26 19 7 4 26 3 0 24 26 12 24 26 10 8 13 6 3 14 12 26 2 14 12 4 
33 0 1 24 28 26 22 4 26 17 4 26 6 14 29 6 14 29 6 14 29 6 14 29 6 14 29 6 14 3 18 
56 4 0 7 28 26 22 4 26 17 4 26 6 14 29 6 14 29 6 14 29 6 14 29 6 14 29 6 14 3 18 
40 26 12 26 14 13 26 12 24 26 10 13 4 4 18 28 26 15 17 0 24 26 5 14 17 26 6 11 14 17 24 
32 13 24 14 13 4 26 17 4 0 3 26 19 7 8 18 26 20 13 3 4 17 3 14 6 26 18 19 14 17 24 27 
40 26 2 0 13 26 19 26 11 14 18 4 26 12 24 18 4 11 5 26 0 6 0 8 13 
39 4 11 15 26 12 4 26 17 0 8 18 4 26 19 7 8 18 26 7 4 0 17 19 
39 4 0 17 19 28 26 20 13 1 17 4 0 10 0 1 11 4 
46 13 2 4 26 24 14 20 26 15 11 0 24 26 38 14 3 28 26 14 13 2 4 26 24 14 20 26 15 11 0 24 26 38 14 3 
51 7 4 24 26 17 4 26 6 14 13 13 0 26 2 17 20 12 1 11 4 26 14 13 4 26 1 24 26 14 13 4 
51 7 4 13 26 22 4 26 6 14 13 26 26 17 8 3 4 26 17 8 6 7 19 26 8 13 19 14 26 19 7 4 26 18 20 13 
43 8 10 4 26 8 19 26 18 26 19 7 4 26 3 0 24 26 12 24 26 10 8 13 6 3 14 12 26 2 14 12 4 
46 13 2 4 26 24 14 20 26 15 11 0 24 26 38 14 3 28 26 14 13 2 4 26 24 14 20 26 15 11 0 24 26 38 14 3 
51 7 4 24 26 17 4 26 6 14 13 13 0 26 2 17 20 12 1 11 4 26 14 13 4 26 1 24 26 14 13 4 
51 7 4 13 26 22 4 26 6 14 13 26 26 17 8 3 4 26 17 8 6 7 19 26 8 13 19 14 26 19 7 4 26 18 20 13 
43 8 10 4 26 8 19 26 18 26 19 7 4 26 3 0 24 26 12 24 26 10 8 13 6 3 14 12 26 2 14 12 4 
33 0 1 24 28 26 22 4 26 17 4 26 6 14 29 6 14 29 6 14 29 6 14 29 6 14 29 6 14 3 18 
56 4 0 7 28 26 22 4 26 17 4 26 6 14 29 6 14 29 6 14 29 6 14 29 6 14 29 6 14 3 18 
38 14 29 6 14 29 6 14 29 6 14 29 6 14 29 6 14 3 18 
56 4 0 7 28 26 22 4 26 17 4 26 6 14 29 6 14 29 6 14 29 6 14 29 6 14 29 6 14 3 18 
46 13 2 4 26 24 14 20 26 15 11 0 24 
