       1000
          1        1750        7638
          1        7696       54162
          0        6944        9872
          1        4121       52677
          0        1819       41291
          0        7532        4383
          1        6051        4487
          1         953       37594
          1          41       20306
          0        7016       58961
          0        6619       29507
          0         226       16131
          1        4404       34148
          0        6009       48472
          0        3674        4301
          0        3682       59943
          1        7380       24592
          0        2122        1268
          0        3871       58969
          1        7683       35067
          0        4755        6482
          0        3274        3310
          0          35       49097
          1        6302       24958
          0        3705       30993
          0         829       37532
          0         485         297
          1        4137       12158
          1        3748       30111
          1        1616       64865
          0        6657       40756
          0        6087       63762
          1        7887        1085
          1        4129       19243
          1        4538       18381
          0         473       37662
          0        6635        6549
          1         855       44275
          0        2701       47751
          1        1037       54738
          1         422       55870
          0        6700       54081
          1        2243       20766
          1         367       33067
          0        3076       64315
          1        7041       60069
          1        5115       47100
          1        6777       53616
          0        1767       21116
          0        5613       18495
          1        3520       54965
          0         802       50102
          1        4515       38748
          1         203       50743
          0        7700       59531
          1        7917        2653
          1        3217       21281
          1         845       53318
          0        5638       50410
          0         766       45457
          1        7830         383
          1         392        8235
          0        2106       22509
          1        7714       29642
          1        4284       24854
          1        3977       10807
          0        6019       19159
          0        1768       48717
          0        8126       62447
          0        2657       14786
          1        7016       56475
          1        4009       26025
          0         921       45059
          0        5945       15795
          0        6845       59989
          1         157        2618
          1        3354       57268
          0        2139       17660
          1        7215       10191
          1        6123       11432
          1        6512       12881
          1        2124       43804
          1        3284       34813
          1        4019       62057
          0        7101       64662
          0        2769       62619
          0        7354       54657
          0        2600       39483
          0        7329       43306
          1        1033       23441
          0        4476       31528
          0         919       41132
          0        4050       22816
          0        1397        3104
          1        3787       31851
          0        2683       38034
          0        8100       46199
          1         271        4341
          0        5380       40430
          1        7566       39827
          1        3743       60058
          0        4691       61387
          1        5564       48644
          0        4053       42654
          1        3850       58080
          1        3414       62952
          0        7762       23850
          0        4788       22127
          1        4223       40205
          1        5071       13471
          1        6270       22151
          1        1534       36879
          1         889       49615
          0        4140       11724
          0         228       51315
          0        3584       49490
          0        4838       25410
          0        5794       12378
          1        5021       11501
          1        3992       54616
          0        5043       60780
          0        3129       25792
          0        3792       41507
          1        4670       55565
          1        2657       18114
          1        5088       35200
          0        2874       25325
          1        2075       20392
          1        1680        8353
          1         380       24487
          0        2757       28498
          1        7187       14127
          0        5267       30677
          0        4853       51024
          0        7440       25858
          1        1497       48370
          1        1279       17686
          0        3916       35873
          0        6664       34779
          1        1021       41484
          1        2618       23943
          0        2980       57803
          1        4720       64100
          0        7163       20453
          0        3082       33589
          0        5719       37006
          0        5751        9813
          0          80       40114
          0        4392       42398
          0        2055       53684
          0        4677       21773
          1        7299       16371
          1        7887       21031
          0        6822       56338
          1         138       30746
          0        1850       63220
          1        3658       21668
          1        1681        8330
          0        4881        8629
          1        6728       22861
          1        6279       34772
          1        1432       13963
          0        4429       44355
          0        4288       23907
          1        6052       54754
          1        7183       30863
          0        3309       38869
          1        2813       36069
          1        7810       26853
          1        2018       20635
          1        3176        2216
          1        6334       59727
          0        1619        2913
          0        5538       13507
          0        2957       35238
          1        2347       32874
          0        4649       47300
          0        7061       21412
          1        4631       61412
          1         235       45257
          1        2186       24042
          1        6855       61672
          0          58       29730
          0        5682        7757
          1         763       51610
          1        1560       29126
          1        4402       64334
          1        4819       22179
          0        5013       52487
          1        3920        6527
          0        5078       36609
          1        7244        9665
          1         145       35919
          1        6698       30178
          1        6438        1536
          1         475       39533
          0        5594       65279
          1        5480       31688
          1        6363       56508
          1        4234       47798
          0        3227       41101
          1        6625       21401
          0        3065       15827
          1        3393       59513
          1        2259       20700
          1        3986       54725
          0        7516       14989
          0        5333       62941
          0        3296       25788
          1        6318       46924
          1        4171       13151
          0         537       59863
          0         788       58984
          0         683       26167
          0        7427       28780
          1        6638       29862
          0        7490        1542
          0        7510       38429
          0         847       59903
          1        7505        5208
          0        2635       47658
          1        6116       31903
          1        4882       16658
          0         366       59716
          1         439       36948
          1        1018       48619
          0        2774       59338
          1        3502       14990
          1        1339       44397
          0        7880        2365
          1        3170       31224
          0        8134       43686
          0        6225       65102
          1          17       25945
          1        1861       17818
          0        5580        7113
          1        3521       38969
          1        3900       11539
          1        6503         856
          0        7744       17535
          1        2871       18781
          0        7785       48071
          0        1434       48904
          0        3618       62491
          0         719       22870
          0        2938       51681
          1          42       61482
          0        7421        1854
          1         681       31147
          1        1833       31062
          0        4459       49772
          1        1788        3156
          0        6771       58959
          1         533        4649
          1        3661       36391
          0        5366       38933
          1        5888       46625
          0        8146       28392
          0        1766       32993
          0        2687       18950
          1        5073       23404
          0        4089        6444
          0        2826       30153
          1        6651       33013
          1         684       21607
          0        3385        5660
          1        1234       65086
          1        7849       49025
          1        2341        2997
          0         616       25323
          0        2356       39496
          1        7350       49295
          1        5172       59622
          0        5518        8533
          0        7821        8477
          0        1870       15318
          0         450       37109
          1        6397       29734
          0        6453       22941
          1        3241       23124
          0          58       22217
          0         601        2995
          0        3596       49879
          0        2076       56023
          1        1046       56244
          0        1964       25183
          0        6926       35970
          0        6700       58997
          1        4980       57334
          1         632       43287
          1        1503       49028
          0        1688       38164
          0        1956       17211
          1        6336       25558
          0        4187       38511
          0        6256        8675
          1        1204       13593
          0        3106       46626
          1         810        1534
          1        3103       53215
          1        1800       38291
          1        3805       24461
          1        3660       30109
          0        8062       32335
          1        1761       34201
          0        7911       26677
          1        8108       42975
          1        2021       60744
          1        4598       10117
          1        1788       32069
          0        4013       54021
          0        3641       45609
          0        6908       36767
          0        1453       64882
          1         956       59774
          1        4345       56352
          1        7995       58522
          0        6769       46463
          1        1759        4705
          1        3160       18596
          0         540       45077
          1        6324       19641
          1        6214       20980
          0        2112       43001
          0        7866       24347
          1         232       24955
          0        4060       25129
          1        3180       12720
          0        3954       62116
          1        8083       21931
          0        6355       47900
          1        6773        2339
          1        2929       57361
          0        4707       52027
          0         567       52118
          1        3552       20989
          0        6726        8628
          0        4921       53417
          1        1407       24973
          1         560       62640
          1        7538       30534
          0        2366       48511
          1         794       17058
          0        7924        4861
          0        4087       54894
          1        8174       48852
          1        5377       62625
          0        2524       11376
          1        7146        2881
          0        1068        5065
          0        5958       46597
          1        7874       62178
          0        1535       35004
          0        1871       64013
          1        1702       42609
          0        3519       52981
          0        3869       26956
          1        2103       19034
          0        5398        7992
          0        7993        5275
          0        3053       40775
          1         597       50422
          1        5206       15318
          0        7669       59279
          1        4712       21872
          0         707        3635
          0        5757       37493
          0        1828       53210
          0        7529       32631
          0         847       23279
          1        1166        7273
          1         117       65104
          0        1598       39543
          0        2956       52500
          1        2819       20147
          0        5156       16656
          1        5172       40310
          1        6115       32793
          0        7268       25218
          0        4875       43015
          1         556        6632
          0        1699       17791
          0        2508       52653
          1        7346       55662
          0        6693       35884
          0        2833        4437
          1        4486       60219
          1        3421        5704
          0        1749       56334
          0        1654        5812
          0         914       54236
          1        4638       61157
          1        6958        3395
          1        1840       37956
          1        7227       26221
          1         742       42849
          1        4086        8176
          1        3525       20662
          0        5285       32888
          0         659       19494
          0        5972        8484
          0        6127       51015
          0        2400       26289
          0        1278       30310
          1        1635       27481
          1        4525        1092
          1        5874       23930
          1        6928       49313
          1        5306        5879
          0        3157       12672
          0        3180       29023
          0        1232       60197
          0        4615       39632
          0        7073       53983
          0        5113       28571
          1        2416       45193
          0        4503       40101
          0        6337       45775
          0        4461        3730
          0        5474       18993
          1        3048       61856
          1        2924       32457
          0        5846       18004
          0        7779       42190
          0        5691       52952
          1        6379        5077
          1        3849       55585
          0        3473       17627
          1        4130       10705
          0        6448       31491
          0        7737        3039
          1        3955       56096
          0        1807       18681
          0        4577       38387
          1        6270       36518
          0        2577       35122
          1        4071       33836
          1        5994       31566
          0        3693       38196
          0        6400       54770
          0        5778       13616
          1        5131       33610
          1        4003        8057
          0        3954       21002
          0         902       55353
          1        5356        1066
          1         853       29197
          0          68       60531
          1        5980       23655
          1        7464       48828
          1        5861       48821
          0        3094       63217
          0        7264       42051
          0        7905       64217
          0         618       64738
          1        5456       55957
          0        3614       13894
          1        6735       21480
          0         842       62001
          1        6716       31802
          1        5876        7506
          0         717       13660
          1        3263       27372
          0        5389       20745
          1         929       63799
          1        2543        1841
          0        3697       41607
          0         504        8950
          0        3285       16175
          0        4235        2675
          0        4350       56356
          1        2877       34112
          0        5827       43618
          1        7631       58807
          0        2191       11024
          1        6968       63733
          0        1710       56419
          0        7245       57760
          1        7528       27460
          1        5239       49515
          1        3709       11697
          1        7438       54619
          1        2676       27109
          0        4033       26824
          0        3653       44599
          0         159       49956
          0        4568       15812
          0          46       62587
          0        3039       21965
          0        1571        9407
          0        1924       53214
          1        7472       51649
          0         117       25780
          0         100       59391
          1        4544       37853
          1        4778       16929
          1        7186       62494
          1        4318        6978
          1        8127       28822
          1        5882       61424
          1        7986       46755
          1        2263       18931
          1        5675       55433
          1        1805       37582
          1        2645       59597
          0        4198       35079
          0        4538        4708
          1        2156       48167
          1         905       29070
          1        5003       13184
          0        8122       45440
          0        4432        9139
          1        4608       12996
          0        5434       22254
          0        3235       15969
          1        5804       44022
          1        3998       35260
          0        2156       53225
          1        2215        3899
          1          67        5824
          1        4229       65452
          0        3888        5784
          1         576       20584
          1         694       27054
          0         172       10807
          1        8124       47917
          1        5828       15603
          0        8081         680
          1        5994       48109
          1        3961       37478
          1        6385       34577
          1        2911       23649
          1         264       50376
          1        1047       37389
          0        3453       61602
          1        6585       33498
          0        7760        8881
          0        2715       23929
          1        7594        5044
          1        3925       14304
          1        6686        8697
          1        5231       33292
          0        8146       23296
          1        6678       51081
          1        5360       19936
          1        6773       25523
          0        5626       10859
          1        3869       36026
          1        1651       28945
          1        1552       55657
          1         606       14214
          1        3800        9636
          1        5400       50724
          0          62       31156
          0        4614        4623
          1        3860       22594
          1         929       22555
          0        1694       38693
          1        7507       56430
          1        2825       42717
          0        5298       37605
          0        1670       60636
          0        7822       13368
          0        6511       38025
          1        1118         990
          1        7698       64259
          1        7804       19120
          1        2186       39334
          1        6077       19021
          1         819        4942
          0        5864       11585
          0          59       51295
          1         630       14309
          1        4289        5506
          1        2873       15877
          0        2579        8494
          0         594        8517
          1        6534       56299
          1        5888       56385
          1        8030       38741
          0        4300       24183
          1         341       22499
          0        4742       15591
          0        7478       50535
          1        2721       64373
          0        7188       24146
          0        3422       29458
          0        7828       20925
          0        3421       39071
          1        4817        9257
          0        7925       43149
          1        7260         770
          1        2801       31558
          1        3789       27366
          1        3360       34381
          1        4978       33960
          1        4925       52773
          1        2705       23827
          1        2223       52467
          0        4294       56175
          1        5027        4578
          1        2297        6854
          1        8187        7499
          0         870       35301
          1        3224       48530
          1        4680       63010
          1        1911       61647
          0        5262       25825
          0        7472        3890
          1        5942       24533
          1        6207       49700
          1        1461        6151
          1        1202        3118
          1        6656       33689
          1        1191       26012
          0        5284       23112
          0        6694       45534
          0        7547       38067
          1         720       37298
          0        1404       53855
          0        6631       22020
          0        6686       51831
          0        3377       38802
          0        4817       43861
          0        2351       14160
          0        6424        3266
          1        6445       19342
          0         944       55549
          0        4012       15836
          1        5468       20606
          0         928        7594
          1        1975        3192
          1        1803       60336
          1         691       42017
          0        4973       25105
          0        6431       22706
          0         140       32063
          1        6860       60462
          1        4628       51614
          1        1231       34532
          0         145       14824
          0        4172       20403
          0        6717        2644
          1        6252        6928
          1        4140       62582
          1        2012       21705
          0        7241       47077
          0        5737        2184
          0        1202       48032
          0        5946       44311
          0        6372       19503
          1        4118        5735
          0        7496       47754
          0        2636       45648
          0        4497       24507
          1        1456       62486
          0        5749       18754
          0        3628       37552
          1        3903        4669
          0        3186       64969
          1        5043       11588
          1         570       11651
          0        7893       41750
          0        6820       45311
          0        7932        2551
          0        3882       40862
          0         965       14805
          1        6572       53510
          0        7771         301
          0        1047       32740
          0         152       57009
          0        7710       15221
          0        8061       33703
          0        6545       52163
          0        5507       41744
          1        1482       27823
          1        6466       20878
          1        6831       33716
          0        5364       64004
          1        7119       46183
          0         842       43771
          1        5146       63422
          0        3617       16585
          0         681        6678
          1         902       45169
          0        2340       50163
          1        3483       30536
          0        1089       61831
          0        4554       62301
          1        3796       31986
          1        5084       10391
          0        2046        8012
          1        4443       13981
          0        3315        3172
          1         471       33655
          1        3797        3398
          1         126       24310
          0        1317       48511
          0        7050       41685
          0        5462       20256
          0        7692       37788
          0        8175       63877
          0         139        1609
          0        7107       63188
          1        1277       36526
          0        8141       46150
          0        6809       15002
          0        5143       39206
          1        7677        7608
          0        6721       34970
          1         560       45623
          1        5661         548
          1        1784       53807
          1        5859       34024
          1        6416       52671
          0        6525       39340
          0        4268       57848
          1        5230       42914
          1        6872        5243
          0        5580       30694
          1        4663       14305
          1        5078        3014
          1         909       40159
          1        2206       10693
          0        4779       46118
          1        2385       50527
          1        3118       42253
          1         402        9610
          0        2202       40174
          1        4973       28162
          1        7493       23377
          0        5222       61250
          0        4007       16076
          1        6172       24913
          0        6004       54950
          0        4358       60739
          0        5144       48447
          1        1991       43387
          0        4615       16176
          1         411       60595
          1        5220        4913
          1        1627       39866
          0        3972        9919
          0        3739       22016
          1        6339       17276
          0        6748        9428
          0        2105        4435
          0        2266        4457
          0         191       47456
          1         497       50587
          1        2768       11666
          0        6554        7028
          1        1731       55566
          1        3578       16237
          0        4826       15699
          1        6296       51574
          0        6571       49185
          1         794       61620
          1        5474       44567
          0        2083       48654
          0        3159       13855
          1         201       57703
          0         894       57739
          1        5923       36266
          1        6965       52476
          0        3687       32648
          0         732       42504
          1        2351        4864
          1        2007       12696
          0        3656        2980
          0        7253       57106
          1        1182       29590
          1        2688       44092
          1        5829       46421
          1         121       24028
          0        1681       54331
          1        6580       53537
          0        4430       26563
          0         548       59843
          1        7432       48524
          0        1993       24809
          1        8054       17951
          0        1803       30926
          1        1777       12401
          1        5750       22820
          1        1545       55335
          1        3658       38965
          1        6710       27293
          1         100       13516
          0        7702       59045
          1        3323        1238
          0        4048       23312
          0        6333       23753
          0        3074        2032
          0         189       29633
          0        5588       50840
          1         189       51310
          0        7320       56425
          0        6220       35502
          1        1927        7244
          1        4929       52730
          1        2071       64255
          1        4619        2178
          0        2920       64017
          0        1624        8984
          1        6982       36267
          1        4247        7630
          0        5959       24853
          1         722        3423
          1        1664       40437
          1        1369       62799
          1        6736       39510
          1        4561       49875
          1        4805        4462
          1        4368       27759
          0        3354       51996
          1          88       64098
          0        7371       22067
          0        6759       64450
          1        1983       14714
          1        6365       44136
          1        5646       49008
          0        6784       53130
          1        7649       16594
          1        4820         811
          1        3040       37339
          0        8074        4148
          0         195       63054
          0        6215       31584
          1        5238       49205
          1        1354       23257
          0        1876       32103
          1         350       13476
          1         509       22477
          0         944       27070
          0        7234        3170
          0        1524       29188
          0        7079       40188
          1        4966       60628
          0        4614       41166
          1        1317       19062
          0        7355       55210
          0        2144       37433
          1        7416       25607
          0         736       35165
          0        6565       53191
          1         617       16053
          0        4958       49078
          0        7026       48905
          0        2823       63955
          0        5047       30269
          1        4987        8783
          0        3358       33076
          0        7882       21334
          0        7547       62579
          1        3998       29586
          0        6053       56198
          0        3882       61289
          1         620       29988
          0          55       14602
          1        4572       61458
          1        8138       13100
          0        3934       44233
          0        7136       27281
          0        5430       51159
          0         194       49741
          1        6605       28935
          1        5490       63178
          0        8028       21313
          0        6064        7048
          0        5230        4399
          0          20       63397
          0        2486       39589
          1        3782       58657
          0        6592       57023
          1        6473       38623
          0        5884        7880
          0        2527       59755
          1        3228       58847
          1        6404       41599
          1        5836       26968
          1         390       49989
          0        3779       54756
          1        1970       53594
          0        7984       52593
          0        1041       14999
          1        3442        6609
          1        6736       46992
          0        7224       22554
          0        7337       20698
          0        1005        8401
          1        5240       27405
          0        5507       61638
          0          91       64909
          1        5138       54974
          0        4210       55305
          1        2514       43475
          0         301       39617
          0        5354       19613
          1        3394       50568
          1         153       16654
          1        1832         398
          1        5943       37151
          0         698       35291
          1        4492       53293
          0        3946       22171
          0           3       47394
          1        7052       28445
          0         560       44372
          1        4410       34458
          1        6450        6190
          1        5459       51127
          0        6508       31633
          0        2320       29385
          0        6163       43256
          0        1708       45788
          1        2330       27487
          0        2476       52595
          0        6638       42467
          0        2877       37134
          1        3475       43815
          1        4900       42605
          1        5779       20858
          1        5582       10391
          0         836        1978
          1        4082       42905
          1        2285       61175
          0        2129       31248
          0        4666       48344
          0        6151         359
          0        3471       60095
          1        4600       17630
          1        4019       30125
          0        6616        1871
          0        5960       13028
          1        4929       15280
          1        5551       32078
          0        2415       31832
          0        6575       49057
          1        2055       59650
          1        4225        8000
          0        5503       36756
          0        2483       19426
          1        6037       17309
          1         604       14322
          1         620       34977
          0        5167       15801
          1        2737       62229
          1        7396       62782
          1        2915        9257
          1        2679       48874
          1        1967       17482
          1        4288       50924
          0        2404       41059
          0        1255        1376
          1        5249       52711
          1        4904       32559
          0          87       31121
          0        7030       52149
          1        7879       50406
          1        6516       41766
          0        4631       54912
          0        5188       63919
          0        2526         266
          1        2736       60252
          1        6023       42250
          0        2091       31933
          1         752       45411
          0        1832       62536
          1        8092       26263
          0        7501       20606
          1        6916       49358
          0        1529        7886
          1        5237       44184
          0        6055       46906
          1        1809       60018
          0        2211       41148
          0        1635       17675
          1        8095       41575
          1        1545       32325
          0        1175       50510
          0        7421        5882
          1        7829       19237
          1        3309       54661
          1         711       23978
          0        3633       44796
          1        4465       64195
          1        6361       30526
          1        5430       24933
          0        6993       31666
          0        4406         824
          0        1819       60619
          1         650       48892
          0        5158       47691
          0        4497       59307
          0        4923       17997
          0        1946       23644
          0        8190        4865
          0        5478       46315
          1        6926       20278
