41 35 62 4 33 44 22 46 18 16 9 49 59 43 51 38 27 60 7 12 25 36 30 13 28 6 55 8 3 11 31 26 61 56 37 29 20 53 5 19 10 50 32 0 54 45 15 48 34 17 2 57 21 42 63 39 14 47 23 40 52 1 24 58 
56 53 48 21 23 31 0 44 45 13 52 25 11 3 37 17 8 54 57 61 55 43 32 33 15 46 60 59 27 34 10 39 28 7 50 4 6 49 16 47 30 42 1 41 40 36 35 12 24 63 26 29 9 14 2 20 51 62 19 22 18 58 38 5 
45 63 9 25 20 17 56 50 8 40 0 5 44 2 18 41 48 54 3 47 35 21 1 61 29 33 24 26 15 49 14 10 28 37 4 30 34 11 62 22 7 42 31 60 51 23 52 46 57 38 12 39 27 55 43 19 36 59 16 53 6 58 32 13 
4 33 49 60 24 63 10 19 38 21 2 0 32 34 40 37 50 42 7 23 55 48 27 41 29 51 13 28 6 14 20 61 44 58 47 12 11 54 25 39 3 57 31 45 62 36 16 1 52 35 59 53 46 8 18 43 15 17 26 30 5 9 56 22 
28 57 38 1 59 32 37 35 27 23 45 62 2 63 24 15 21 51 58 48 42 8 20 19 36 53 52 12 46 25 3 22 14 49 13 17 10 7 61 6 50 31 29 11 34 5 47 55 26 18 54 56 9 33 40 16 39 41 0 60 4 44 30 43 
9 50 46 5 15 54 10 39 51 21 13 60 30 23 63 3 48 47 17 61 53 36 20 2 43 0 62 1 4 19 28 22 25 6 16 29 18 33 45 32 49 12 58 11 41 34 7 57 44 37 14 24 40 55 35 27 8 42 59 31 38 56 52 26 
63 39 59 13 28 14 6 35 42 45 18 34 5 49 1 7 4 44 61 48 21 23 58 16 26 47 54 62 10 20 9 11 60 31 30 24 50 2 52 19 43 12 55 17 32 46 8 56 37 51 53 38 27 3 0 40 15 25 36 33 41 22 29 57 
24 23 20 17 40 45 53 5 12 7 18 42 43 61 55 36 48 59 29 47 60 25 49 15 52 11 41 58 28 46 4 32 34 9 1 2 26 19 16 33 39 21 0 35 8 38 10 13 14 6 31 62 27 54 44 56 37 30 57 63 51 3 22 50 
13 58 22 8 17 10 21 4 53 23 3 41 31 59 33 49 43 48 57 36 54 19 40 26 7 29 56 5 55 27 51 39 61 6 9 24 63 15 45 16 60 28 52 11 46 12 42 50 34 18 38 62 25 44 32 0 35 14 30 47 37 2 1 20 
13 9 41 59 34 5 0 20 58 21 23 50 27 54 3 48 33 22 14 4 56 43 35 55 46 19 45 7 53 51 36 60 63 62 12 2 49 30 47 57 42 44 15 8 10 18 37 31 6 39 52 17 25 26 29 38 16 11 40 32 61 1 28 24 
57 44 17 23 15 60 41 53 6 33 18 63 11 28 56 42 14 58 27 7 26 19 59 50 43 35 24 49 40 39 52 13 36 46 32 9 3 16 25 22 10 51 61 38 54 2 37 62 55 30 34 4 45 12 21 47 20 5 1 31 8 48 0 29 
1 44 50 0 38 47 21 17 8 16 31 40 32 51 54 39 23 46 9 60 12 19 10 53 41 61 37 45 3 5 48 15 63 49 62 42 35 18 6 22 7 34 26 30 33 55 4 25 43 27 20 52 14 28 57 13 24 11 36 29 59 2 56 58 
39 45 57 54 30 12 62 38 40 55 59 49 36 58 25 8 6 47 9 22 37 3 52 42 1 16 7 20 21 41 23 63 33 27 0 11 46 32 60 24 18 2 5 17 10 51 56 28 13 31 43 53 34 44 4 14 48 50 26 15 61 19 29 35 
14 11 42 55 63 41 34 54 48 16 57 17 0 60 33 22 59 52 7 45 12 1 10 13 20 27 62 18 51 38 31 40 37 53 46 58 35 47 36 30 4 43 50 39 24 56 28 25 19 23 8 9 6 44 29 2 15 26 21 49 61 5 32 3 
36 56 53 62 19 57 13 45 37 27 2 18 5 54 52 59 22 31 35 46 0 34 6 49 32 48 25 55 50 42 28 44 8 3 60 15 38 33 24 47 40 30 12 21 41 11 10 4 16 17 58 61 63 23 7 43 39 26 9 1 14 29 20 51 
35 16 63 3 30 12 49 37 13 59 45 23 7 33 5 50 15 1 47 8 0 60 24 21 17 38 19 14 40 27 34 39 61 53 46 25 62 10 55 36 4 56 58 20 18 57 28 41 44 6 11 29 54 52 26 43 42 48 22 31 32 9 2 51 
21 45 32 5 7 34 33 35 16 29 40 28 46 24 42 50 12 25 27 9 19 37 13 47 41 11 52 14 58 62 15 49 3 43 30 17 23 39 8 51 18 59 31 0 56 4 20 60 6 54 1 10 63 48 2 44 26 36 22 38 57 53 61 55 
36 28 17 2 50 11 54 38 16 5 60 3 27 62 33 32 29 20 63 58 6 23 25 41 55 48 34 61 57 30 18 13 24 47 53 52 51 45 12 59 9 44 21 19 40 46 14 49 7 10 56 22 42 8 1 43 15 26 35 31 37 0 4 39 
8 56 17 60 10 32 20 51 16 0 27 13 34 21 23 46 1 50 22 52 44 61 9 25 54 7 38 43 47 29 15 18 58 31 4 3 35 6 5 24 36 14 26 55 30 42 28 45 63 2 49 57 59 40 19 37 53 33 39 11 48 12 41 62 
61 43 34 44 46 54 5 29 19 38 28 27 45 56 1 24 42 31 49 41 15 16 33 23 37 32 7 0 58 9 18 10 35 8 63 40 52 26 11 4 39 60 2 62 48 55 12 59 53 57 17 51 21 30 50 6 22 25 47 36 14 3 20 13 
32 25 48 16 52 47 58 17 23 20 33 31 36 7 30 0 46 21 56 38 61 18 24 63 8 13 19 37 3 11 57 39 27 10 12 60 35 43 49 26 5 9 54 53 50 15 28 62 51 44 40 45 41 6 14 42 55 29 4 2 1 22 34 59 
4 30 0 59 18 41 1 17 11 50 52 60 46 40 43 19 39 20 25 36 47 58 7 6 3 15 21 62 23 2 42 9 61 34 37 45 13 14 38 53 63 31 26 5 28 51 56 57 48 55 44 35 54 32 16 22 8 49 27 29 10 12 24 33 
22 52 31 60 53 7 15 49 10 5 21 12 35 26 44 3 11 59 1 28 13 61 27 48 50 42 57 25 19 43 4 18 55 45 14 51 6 46 36 56 40 17 30 9 63 23 2 54 20 32 38 41 29 34 37 0 33 24 47 62 16 58 39 8 
41 52 17 49 23 3 21 15 5 36 51 54 12 26 45 28 39 14 50 46 48 59 58 11 61 24 13 22 32 16 42 47 33 57 1 9 44 63 4 27 20 30 31 29 19 6 10 60 25 18 37 38 40 53 62 0 8 43 2 56 34 35 7 55 
63 55 5 40 10 58 23 37 57 52 20 45 36 46 50 47 7 35 39 2 41 42 61 14 43 27 49 4 34 24 59 8 19 1 31 33 9 11 15 18 28 56 48 62 0 54 22 30 29 32 44 51 17 38 6 25 12 13 21 60 16 3 53 26 
62 52 23 14 59 43 32 30 4 12 0 11 47 42 38 20 21 31 15 25 19 54 5 37 53 56 39 50 36 35 34 2 57 61 7 22 1 58 63 33 60 17 13 6 45 48 44 28 10 24 3 46 8 27 49 55 40 16 9 29 51 41 18 26 
38 31 7 11 34 35 1 54 32 52 47 15 42 22 6 4 13 33 40 61 53 21 8 20 46 39 5 23 60 36 9 50 48 57 2 0 56 62 17 24 49 10 25 43 59 3 51 26 27 29 63 58 55 41 14 12 19 16 28 37 44 45 30 18 
26 40 18 5 10 16 48 41 25 37 28 44 50 49 4 32 35 9 58 23 59 30 42 39 11 38 34 17 31 52 20 12 15 60 61 55 63 57 51 14 0 1 46 62 21 43 3 33 24 56 36 22 54 2 13 8 45 53 29 19 47 7 27 6 
14 0 31 11 43 52 17 6 30 53 29 9 20 48 3 63 55 57 1 36 34 56 40 58 4 23 50 32 51 38 15 12 62 10 61 25 24 27 18 5 37 44 22 49 39 16 35 7 28 8 21 19 45 13 2 41 54 60 47 42 33 46 26 59 
61 38 54 60 8 56 29 0 16 35 10 11 39 34 49 45 52 28 23 2 31 26 37 46 18 9 43 36 25 12 1 22 21 48 6 32 24 44 27 20 40 63 51 4 19 3 50 57 42 41 30 13 14 17 62 47 5 53 59 55 33 58 7 15 
50 34 11 17 49 41 43 24 30 52 5 63 60 37 62 35 20 23 58 56 47 19 16 25 18 28 13 10 55 51 44 38 1 14 7 26 6 4 22 8 59 46 39 29 12 9 57 48 54 45 27 15 61 0 21 3 36 53 40 31 33 42 2 32 
52 26 40 44 7 50 60 3 58 38 25 5 39 11 27 29 53 17 61 14 33 2 22 34 35 45 57 55 49 13 9 4 46 42 28 48 43 1 0 31 10 16 30 8 15 41 54 20 56 37 21 32 24 19 51 18 36 59 12 47 62 63 23 6 
24 60 37 38 54 12 46 11 25 44 42 59 23 6 32 17 49 40 51 9 52 13 63 34 19 36 58 8 48 5 16 1 29 0 21 14 10 45 15 7 35 22 28 41 26 30 43 18 2 50 61 33 4 39 57 20 31 55 47 3 56 27 62 53 
6 33 26 1 12 23 28 46 37 27 21 8 50 45 54 55 31 29 47 4 38 7 58 34 20 48 57 52 56 51 24 61 41 9 2 60 17 62 3 44 19 10 18 35 5 53 49 25 63 16 43 13 30 11 40 42 39 22 14 36 32 59 15 0 
22 17 7 32 19 49 36 23 8 11 47 44 39 24 14 0 28 34 16 2 42 41 56 61 54 45 59 35 12 58 20 9 27 43 6 37 50 10 30 26 53 31 46 60 57 52 63 25 1 18 51 29 55 5 38 13 3 4 48 40 21 15 33 62 
9 53 15 22 45 16 36 34 42 57 5 43 11 35 40 29 31 39 17 2 23 12 61 6 32 46 60 18 14 59 47 54 26 55 19 30 38 50 33 10 37 58 62 49 28 1 13 7 20 8 3 56 0 51 21 41 27 52 4 44 63 24 48 25 
18 54 35 61 57 23 60 2 26 15 55 50 40 56 30 27 9 29 42 31 51 46 38 6 1 45 52 43 17 48 47 8 4 39 41 22 13 53 0 16 25 49 37 24 19 44 10 20 36 12 21 62 34 32 11 14 58 7 63 3 5 28 33 59 
8 58 49 18 17 34 48 52 46 39 62 19 41 57 44 53 6 51 16 22 23 31 26 1 13 12 45 35 36 63 20 10 47 50 2 28 21 0 5 29 14 32 38 59 42 40 3 27 7 30 4 15 37 56 33 25 55 61 9 60 11 54 24 43 
31 10 18 20 46 47 17 55 14 30 19 57 42 27 44 59 43 50 6 63 40 33 11 58 21 0 60 41 34 24 3 7 2 23 8 25 32 1 54 12 45 29 62 35 39 38 51 56 26 22 36 4 16 9 53 49 37 28 52 48 5 13 15 61 
18 34 5 58 6 3 29 15 38 11 16 17 61 33 48 2 59 53 7 0 46 51 37 23 52 22 56 21 13 62 10 57 42 4 50 41 49 1 63 54 26 30 43 47 9 36 55 40 24 35 27 19 32 12 31 14 8 20 39 45 25 60 28 44 
15 63 22 12 40 8 17 57 34 54 6 58 56 31 0 41 47 7 53 52 36 25 44 46 42 37 9 5 24 26 18 55 27 39 4 62 13 21 43 23 16 14 20 30 51 33 1 19 28 38 50 35 32 10 48 49 60 3 2 11 59 45 29 61 
54 29 63 5 28 17 59 18 50 58 24 13 47 32 35 56 43 23 61 55 37 6 22 40 39 33 49 27 60 34 20 15 53 38 7 36 51 14 9 2 12 16 42 45 30 26 57 62 25 8 21 52 4 0 1 46 41 31 10 19 44 48 3 11 
21 36 56 41 59 0 51 8 47 3 14 7 32 57 37 23 26 25 48 53 27 45 30 16 22 34 18 20 6 44 60 42 1 33 10 2 15 19 17 4 5 55 50 43 9 24 35 31 63 49 11 46 39 13 38 58 28 54 29 62 12 52 61 40 
20 49 24 30 10 55 17 19 12 16 15 45 52 37 50 28 31 8 38 46 29 44 27 23 42 48 53 26 35 0 58 62 4 47 41 1 2 21 6 40 18 39 3 32 9 56 54 33 63 61 5 22 13 60 43 7 36 51 14 34 11 57 25 59 
33 59 40 35 29 36 28 57 5 15 53 4 3 50 19 24 63 27 7 51 26 22 23 12 47 52 18 37 45 61 1 10 32 55 11 43 14 60 6 42 56 48 17 54 0 41 31 49 2 20 16 21 44 25 30 38 62 58 34 8 13 46 9 39 
61 18 20 0 8 15 49 26 37 33 3 6 1 31 59 10 4 19 32 63 39 43 12 16 14 57 50 22 23 42 36 13 11 52 46 9 25 51 38 62 56 24 55 2 29 28 41 34 30 45 17 21 54 48 7 27 44 40 35 5 47 60 53 58 
43 24 50 54 17 57 9 28 27 21 40 48 23 26 3 53 32 6 15 56 36 25 63 31 30 29 55 60 5 7 35 20 19 41 62 8 16 2 11 49 58 42 10 38 34 22 47 44 61 37 1 46 13 51 39 4 0 18 59 45 12 14 52 33 
52 61 50 20 30 53 22 8 43 25 59 5 7 18 60 3 4 54 42 21 24 56 17 11 1 32 38 23 19 35 57 10 40 63 49 27 39 9 44 34 29 26 14 51 62 55 33 45 12 0 6 13 58 41 28 2 47 48 37 31 15 46 36 16 
30 7 20 1 40 28 52 63 22 29 21 56 26 27 13 37 4 38 49 44 23 50 59 17 43 58 14 2 16 3 24 41 54 48 19 35 55 9 61 53 39 33 31 51 46 25 36 18 60 57 62 11 45 32 10 5 0 8 6 15 42 12 47 34 
31 27 10 8 33 9 43 37 2 59 14 12 48 11 55 56 22 47 57 49 25 6 3 53 45 1 36 13 30 26 4 61 38 29 20 52 54 58 62 19 63 32 16 7 35 60 23 5 40 0 28 17 41 18 46 34 39 50 42 24 51 44 15 21 
3 6 59 16 43 23 14 55 5 48 32 42 41 7 21 35 24 4 36 45 34 60 52 0 10 40 46 38 19 62 28 56 8 57 51 17 2 25 53 12 9 13 39 49 37 61 50 18 11 1 29 26 63 22 33 20 31 54 30 44 47 58 15 27 
23 41 33 31 32 28 29 48 37 43 39 24 11 20 62 26 40 12 60 15 13 38 35 61 45 55 51 57 36 56 9 19 49 25 14 52 59 16 50 27 7 2 42 1 34 44 53 0 6 47 10 22 18 58 46 4 21 8 63 54 3 17 30 5 
19 49 7 37 28 55 51 42 15 52 57 58 43 54 31 56 35 46 26 53 5 33 24 3 63 0 17 11 10 14 9 8 27 2 20 6 23 40 36 41 32 47 39 62 12 48 16 59 4 22 60 61 34 25 21 18 44 29 38 13 50 30 1 45 
34 7 29 56 5 53 15 48 27 52 6 19 20 2 61 1 39 35 54 42 8 0 46 36 12 57 45 50 11 38 43 58 18 24 16 26 23 63 31 37 33 32 59 21 13 41 4 60 62 44 47 40 25 49 9 55 10 14 22 17 3 51 30 28 
56 25 6 1 55 18 62 48 39 15 30 9 53 27 24 5 23 46 12 57 45 34 47 42 26 31 3 43 37 19 35 0 38 2 60 17 10 29 51 32 21 49 14 59 54 61 8 11 41 52 13 40 22 33 4 7 63 50 20 16 44 58 36 28 
42 9 26 15 38 48 18 27 62 55 59 20 11 17 43 13 10 24 16 45 58 19 12 32 28 8 52 4 5 54 2 51 21 7 56 46 29 25 30 41 50 3 53 31 33 63 35 37 57 23 40 49 6 14 60 1 34 0 36 22 61 44 47 39 
51 12 35 5 47 52 8 19 14 62 57 18 26 59 27 37 60 4 48 16 53 40 32 1 58 42 2 54 34 43 61 45 25 24 10 36 3 23 31 56 38 33 13 50 11 17 7 21 55 15 6 20 29 28 44 39 63 46 49 0 9 41 22 30 
53 57 4 8 0 2 45 23 55 30 6 40 33 13 50 5 34 12 60 22 59 31 61 27 51 3 28 29 41 63 35 39 36 49 20 48 47 9 56 10 7 38 62 11 26 58 42 14 17 21 52 54 16 25 43 15 24 32 1 44 46 18 19 37 
9 56 34 51 1 3 46 8 22 11 40 19 61 45 5 48 6 50 23 25 44 33 2 0 15 27 13 49 58 36 39 12 20 55 21 47 37 53 17 43 63 14 16 24 28 59 62 26 30 41 38 4 29 54 52 32 60 7 42 10 18 35 31 57 
45 61 18 54 19 14 27 37 34 9 43 50 6 0 31 5 49 3 20 40 47 38 10 52 33 35 12 56 25 59 48 62 41 32 7 30 23 4 39 51 57 55 60 58 1 13 26 24 29 63 53 46 28 8 44 36 15 2 16 17 42 21 11 22 
49 45 20 56 31 11 46 1 3 2 34 26 32 50 62 5 30 51 7 9 52 0 35 18 47 12 6 22 28 37 40 54 57 27 41 13 39 38 53 61 42 23 8 19 10 15 60 55 44 29 16 4 25 21 36 14 59 43 48 63 58 17 24 33 
46 10 44 15 62 30 36 12 24 26 22 8 47 49 55 51 4 53 35 38 60 57 52 20 23 42 13 28 45 56 25 34 54 11 9 61 37 33 2 39 5 50 18 40 16 58 17 41 59 27 6 1 21 31 19 14 43 7 0 48 63 29 32 3 
15 51 20 40 48 61 26 34 13 57 27 58 16 1 63 5 37 24 56 53 55 43 17 9 12 10 2 46 33 22 32 19 47 4 28 42 25 45 44 35 49 11 50 59 21 60 6 62 3 31 29 7 18 30 38 41 14 36 8 52 39 23 54 0 
39 11 38 50 40 44 29 63 51 61 47 25 12 13 45 26 10 41 7 49 20 9 16 46 19 24 54 55 33 2 1 35 37 53 43 48 42 8 60 27 32 21 3 14 36 62 4 59 0 15 22 56 30 34 52 57 23 31 18 28 58 17 5 6 
32 35 2 30 14 38 18 33 41 34 52 57 46 5 9 26 16 62 53 49 12 4 39 28 55 17 44 21 61 40 36 29 0 45 25 50 60 13 63 27 56 31 3 37 20 48 10 6 11 8 1 15 42 54 58 19 23 24 43 59 7 51 47 22 
16 42 61 19 17 7 13 29 53 0 21 39 49 1 52 38 35 45 15 36 22 32 12 20 54 31 10 58 4 6 48 44 33 2 5 43 55 56 59 14 47 9 8 3 62 40 37 51 18 28 46 25 57 23 27 60 50 34 24 41 11 30 63 26 
52 56 19 2 39 16 58 57 59 22 13 4 34 51 37 26 47 1 11 12 0 24 42 10 53 7 46 3 6 54 49 40 20 60 30 55 9 17 29 50 33 5 61 43 45 25 35 21 63 23 48 14 27 15 31 18 44 62 32 41 28 8 38 36 
8 23 55 33 53 45 13 7 57 51 6 60 26 39 19 46 31 12 54 47 59 61 15 16 5 4 58 36 14 29 0 21 17 18 63 48 49 52 11 22 41 28 38 40 10 56 34 27 35 44 42 30 32 3 20 9 2 43 24 50 25 1 62 37 
34 61 38 45 3 43 16 51 19 9 21 26 49 48 59 6 39 57 52 32 7 63 30 54 15 18 24 50 33 4 47 10 60 35 13 55 25 1 41 11 22 46 56 8 5 37 36 40 58 23 2 53 29 14 31 27 17 20 12 44 28 42 62 0 
12 30 58 26 18 23 46 37 63 34 15 54 19 3 56 61 51 44 36 8 35 9 14 39 49 25 7 41 5 50 32 20 60 48 57 6 21 28 2 31 0 43 52 59 1 38 47 62 29 16 24 17 40 10 45 11 13 27 53 4 22 42 55 33 
26 35 38 56 44 57 60 17 25 22 14 8 37 32 43 6 49 40 9 19 4 58 48 21 54 10 47 34 52 45 1 33 23 55 29 51 18 0 7 46 27 5 30 12 31 3 15 24 13 59 28 53 42 41 50 63 62 39 2 16 11 36 61 20 
41 61 24 51 14 2 48 40 42 23 36 50 25 34 0 17 29 60 6 37 63 54 31 19 47 26 52 46 8 53 20 9 4 49 7 1 44 45 18 27 43 38 55 59 16 57 13 35 22 28 56 11 39 58 21 12 62 15 32 3 30 10 33 5 
40 11 43 35 29 60 41 52 13 6 2 3 16 44 61 54 21 51 25 20 15 12 62 28 19 42 49 22 57 17 53 58 10 9 23 46 30 33 47 36 32 18 4 56 45 5 59 37 38 1 34 31 50 55 0 48 14 26 8 39 7 24 63 27 
49 4 57 61 54 35 17 50 1 47 7 9 24 25 58 26 31 15 51 34 53 30 37 19 22 40 14 33 44 52 63 12 56 32 13 45 48 29 2 3 10 21 27 28 39 62 59 60 16 43 38 5 18 0 11 46 36 55 8 6 20 41 23 42 
38 12 40 22 55 8 43 45 61 19 33 35 30 57 42 56 18 5 0 9 48 28 60 7 2 25 6 37 21 10 54 51 15 3 44 20 36 14 63 11 46 32 47 29 41 26 4 31 39 13 58 34 27 52 17 53 59 50 16 49 24 62 23 1 
2 15 8 45 0 50 6 63 35 57 37 7 28 29 9 44 4 38 43 12 13 52 10 41 30 42 53 55 17 5 32 40 46 21 61 36 56 26 47 48 49 22 16 18 33 39 51 34 59 3 31 1 24 14 60 58 25 20 27 11 23 62 19 54 
43 41 13 52 57 51 22 37 3 60 4 5 40 58 30 29 17 50 6 35 46 23 63 2 8 27 48 59 38 36 9 12 61 14 21 42 54 1 39 32 47 19 62 44 25 24 55 18 10 49 16 11 45 20 34 56 26 28 0 7 53 33 31 15 
57 29 11 35 40 32 16 43 8 18 4 47 53 51 26 3 61 30 59 21 42 52 60 13 12 48 14 2 62 54 55 41 33 63 9 25 5 6 19 56 45 20 0 23 50 34 44 1 38 39 31 10 24 58 49 17 46 37 36 15 22 27 28 7 
2 25 59 18 10 23 3 60 6 53 47 31 42 43 1 34 22 40 11 29 7 21 58 46 19 16 30 33 12 38 0 52 63 55 57 50 36 48 27 41 4 51 24 49 56 15 35 37 5 39 45 62 17 13 28 20 8 44 61 32 26 9 54 14 
12 21 11 42 60 41 38 16 28 49 20 23 45 13 35 30 46 56 59 62 0 2 14 22 37 47 24 8 44 9 7 40 3 26 18 34 48 29 58 53 51 61 10 63 27 5 1 39 55 25 32 6 15 19 50 31 43 36 54 52 17 33 57 4 
5 47 34 39 48 59 20 10 25 8 13 50 23 27 40 38 49 46 7 17 42 3 61 43 0 18 54 58 2 31 12 44 9 41 14 62 30 57 4 35 37 1 24 52 29 16 36 11 22 63 51 55 28 60 15 19 56 6 45 26 33 32 53 21 
35 44 40 31 38 62 33 12 50 15 60 22 26 8 59 30 52 39 27 2 54 20 56 4 42 6 49 5 25 1 18 53 61 63 16 41 43 51 28 58 32 48 9 24 57 29 0 37 46 36 3 11 34 13 23 19 47 55 14 17 45 21 10 7 
36 4 46 3 57 39 34 15 24 62 58 8 9 6 61 60 63 30 45 22 11 31 35 7 50 52 37 48 5 20 55 1 53 14 18 21 23 19 56 27 54 13 51 41 12 25 10 2 28 32 17 29 43 16 26 44 33 40 59 49 38 0 47 42 
11 3 49 22 8 1 27 40 36 62 52 50 6 19 59 7 9 42 38 60 25 23 43 16 47 56 5 31 44 33 39 34 20 10 55 45 46 32 24 54 63 2 14 53 41 17 15 21 0 30 48 18 29 51 35 61 26 13 58 12 37 28 4 57 
23 1 19 29 44 40 42 51 25 20 10 35 24 41 27 7 47 33 59 15 34 6 62 30 22 21 55 4 16 63 57 17 13 26 61 32 0 45 52 54 56 48 9 58 37 11 53 3 31 18 60 2 5 14 38 36 49 39 28 43 8 12 46 50 
28 2 48 55 27 54 63 12 56 18 60 59 52 17 15 0 31 6 57 21 58 20 25 43 5 50 41 26 53 36 1 3 32 16 22 47 23 9 29 51 44 40 62 11 39 34 13 45 30 24 46 49 10 38 19 35 14 37 7 4 61 8 42 33 
63 32 6 38 59 14 13 30 50 15 25 37 44 27 53 41 40 36 22 12 3 0 34 31 49 16 33 17 57 61 19 29 35 39 1 20 28 54 62 45 58 51 42 43 10 26 2 9 18 60 5 4 23 8 21 56 7 11 47 46 24 48 52 55 
15 19 12 2 50 28 31 6 38 46 4 22 29 58 37 32 40 25 24 27 44 62 5 48 61 54 45 43 55 10 21 57 26 11 9 33 23 41 18 20 30 60 7 63 17 49 14 56 59 35 36 13 0 39 53 52 3 51 47 1 34 42 16 8 
34 3 39 20 49 28 9 40 5 52 37 62 55 42 43 13 63 18 53 8 11 1 15 4 57 10 56 58 0 30 54 12 27 14 41 44 2 61 25 32 59 51 16 7 21 23 45 6 24 33 17 48 26 36 19 60 50 46 31 47 29 35 38 22 
16 4 52 48 9 2 54 47 59 34 55 29 30 5 12 49 1 44 37 51 46 42 45 0 33 39 6 22 13 19 53 35 50 56 11 17 62 14 26 60 41 36 31 3 40 15 10 63 58 43 21 38 28 61 20 18 57 23 7 32 24 8 25 27 
59 19 51 11 4 20 36 12 42 1 21 63 6 16 2 44 31 3 29 43 33 15 0 26 45 14 13 28 30 5 38 7 34 18 9 57 17 32 27 58 24 52 41 22 10 50 46 49 55 60 35 56 39 37 61 23 47 62 54 8 25 40 53 48 
4 22 20 45 27 19 16 41 29 43 38 51 49 39 33 18 1 59 60 28 2 46 58 55 15 13 53 5 37 24 50 32 63 7 62 26 34 12 47 42 61 23 30 6 21 14 36 48 31 17 56 54 52 57 11 35 10 9 8 0 25 3 44 40 
26 50 10 38 23 39 61 25 6 48 21 43 8 4 15 51 62 47 17 54 41 53 20 34 46 0 1 24 42 30 58 11 63 14 12 44 40 9 56 18 13 49 33 31 45 57 28 59 29 22 60 2 5 35 3 36 19 7 16 27 32 37 55 52 
50 25 15 32 2 14 5 61 42 23 41 13 26 21 44 0 33 9 31 52 27 46 24 48 43 62 40 38 47 28 16 18 22 29 58 7 51 11 37 10 35 57 8 36 34 59 45 6 1 20 12 63 19 49 17 39 30 3 4 60 53 55 54 56 
44 11 56 10 50 38 16 47 43 34 49 60 46 41 53 6 61 1 7 51 40 13 27 15 62 24 5 54 0 63 30 26 52 42 14 3 39 23 2 33 20 48 18 35 37 17 59 12 45 9 21 31 4 8 58 19 29 36 32 25 55 22 28 57 
23 9 32 2 25 19 24 29 61 0 39 57 6 1 44 18 45 37 54 56 10 11 14 48 55 12 51 26 33 5 28 50 13 49 62 31 17 42 8 43 34 52 63 22 30 58 4 16 7 20 27 60 15 3 46 47 36 40 38 21 35 59 41 53 
57 34 16 54 31 5 28 45 41 27 7 2 42 12 33 32 49 24 22 21 39 30 26 51 47 17 56 46 52 38 48 44 1 62 3 35 13 40 59 50 8 43 29 0 18 20 63 25 37 60 11 55 19 9 6 14 10 36 23 4 58 53 61 15 
40 1 13 20 43 15 30 46 54 36 27 10 11 12 42 26 29 59 14 17 51 24 61 7 35 63 48 18 62 53 23 37 47 3 4 9 33 25 16 38 58 2 31 50 32 55 34 28 21 49 52 44 39 6 60 56 41 19 22 5 0 8 45 57 
4 2 14 6 55 8 24 15 38 28 35 26 51 3 30 59 5 52 36 19 31 7 34 46 23 41 47 20 53 56 27 45 58 48 44 21 9 29 11 1 16 33 25 62 17 10 61 60 50 32 12 49 54 0 37 42 40 43 18 39 57 63 22 13 
41 61 11 50 56 58 10 59 53 16 19 63 13 30 43 57 31 39 20 45 47 15 40 38 35 46 3 14 21 32 7 55 22 17 51 60 37 34 12 8 44 36 1 9 62 25 52 29 49 26 48 33 24 28 0 18 5 54 6 2 42 23 4 27 
11 16 52 37 41 4 10 22 60 30 31 43 51 7 55 33 50 5 42 12 34 29 40 18 14 2 63 15 17 54 26 53 58 21 0 35 45 62 36 19 49 1 46 47 3 9 24 6 39 32 23 56 59 44 8 25 38 20 61 57 48 28 13 27 
2 34 24 37 33 52 17 40 13 19 11 47 14 60 63 1 45 55 62 41 39 22 35 26 56 12 44 9 20 31 59 36 29 8 50 46 0 57 3 23 48 5 16 54 30 42 18 53 61 25 6 38 43 10 28 32 21 27 4 51 7 15 58 49 
43 44 24 54 39 37 45 1 48 19 9 59 27 8 29 14 33 28 20 42 25 5 7 38 4 55 52 3 51 10 26 36 63 35 0 41 15 21 16 34 40 49 47 56 57 53 50 13 58 11 23 30 18 32 31 22 60 17 61 46 62 2 12 6 
30 47 27 45 42 8 26 21 2 20 62 10 56 40 31 24 55 58 53 13 23 17 1 43 50 37 60 63 14 44 34 61 38 41 36 52 25 5 6 35 33 57 4 15 18 39 32 22 9 16 7 3 46 54 19 29 12 11 49 48 51 59 28 0 
2 29 38 46 42 34 12 11 14 53 28 48 52 45 40 51 7 5 33 16 8 20 32 61 17 25 62 56 22 49 24 26 50 60 59 44 63 4 39 18 0 19 21 23 36 1 30 37 57 27 3 35 41 13 43 10 15 47 31 54 58 6 55 9 
47 58 50 49 43 11 54 63 13 4 23 38 16 60 42 59 51 20 44 61 31 33 37 19 7 34 1 40 14 62 53 57 35 2 41 10 12 27 15 48 26 25 8 0 22 55 18 56 45 39 28 46 24 6 21 9 36 32 17 5 3 52 29 30 
61 13 30 25 52 39 9 37 44 29 8 11 48 38 6 26 60 35 57 4 43 12 27 10 24 34 50 28 41 45 18 5 58 55 40 46 59 33 2 49 19 3 21 16 1 15 53 0 62 17 51 22 54 47 14 7 36 63 20 42 31 56 32 23 
3 11 45 6 14 26 33 43 27 18 15 29 2 24 41 48 62 16 40 36 21 19 57 8 56 54 51 52 61 38 10 30 37 25 7 12 63 22 49 44 42 1 28 5 9 47 35 50 20 55 4 39 23 59 32 13 0 34 46 17 31 53 58 60 
50 51 22 44 27 39 37 57 8 40 17 42 56 32 2 63 14 62 7 5 24 49 1 23 4 33 13 45 46 36 10 6 52 3 28 21 35 61 9 47 26 43 31 38 60 59 55 41 12 30 34 18 16 11 15 54 58 29 48 25 53 19 0 20 
60 48 37 5 27 45 40 18 55 12 46 24 26 4 33 13 10 51 11 62 34 39 53 54 20 61 38 42 59 29 44 58 49 19 50 47 31 32 0 9 15 17 3 30 7 6 35 21 22 63 52 14 23 36 1 43 41 25 8 56 57 16 2 28 
16 46 38 51 32 10 36 63 3 47 4 40 1 26 21 0 24 58 11 56 44 14 27 8 54 55 6 22 31 7 57 53 29 19 17 52 50 18 30 34 45 48 39 49 20 13 60 42 35 28 9 15 43 12 5 2 41 62 59 23 61 33 37 25 
17 2 18 39 9 50 59 3 49 48 63 36 46 16 20 12 41 54 21 24 32 0 35 5 8 45 34 42 11 51 22 38 57 40 10 60 37 62 26 61 43 25 47 23 28 55 4 58 56 52 15 33 53 27 1 19 30 29 31 44 6 14 7 13 
46 34 11 26 9 22 16 48 19 60 17 36 50 55 57 33 62 38 6 42 0 49 43 29 32 37 24 63 45 56 7 18 13 59 54 21 20 8 5 2 53 58 47 35 40 52 4 31 25 14 15 28 27 39 30 61 3 1 23 12 10 51 44 41 
22 20 61 6 11 18 45 58 35 38 23 10 15 17 8 26 48 21 1 33 41 36 25 32 5 62 9 53 3 55 59 50 49 30 31 19 43 54 14 42 4 57 24 0 51 34 52 13 46 28 63 39 7 27 40 2 56 44 60 16 29 47 12 37 
52 32 18 8 53 50 29 42 9 35 63 20 3 57 17 12 2 31 60 54 47 4 43 11 36 48 25 15 45 49 62 55 27 58 10 21 59 61 56 39 19 28 0 7 16 23 41 40 37 51 33 34 5 14 6 38 46 13 30 22 44 1 26 24 
49 26 56 2 36 42 4 32 0 60 47 14 9 22 20 12 18 63 44 58 1 5 29 37 35 3 13 10 51 19 21 45 40 62 61 39 57 53 59 43 41 23 54 48 24 34 55 38 27 46 11 28 17 25 50 15 6 7 31 16 30 8 33 52 
57 53 55 0 40 25 58 36 48 32 4 46 30 20 47 9 42 41 13 49 23 34 60 44 6 15 54 11 35 19 14 62 45 38 43 50 33 56 8 22 2 31 37 7 10 18 39 1 5 24 26 61 27 21 52 51 28 63 59 12 29 3 17 16 
1 2 39 45 43 42 29 53 10 33 9 59 19 49 18 63 62 20 35 50 61 32 40 4 41 46 54 11 60 44 47 51 17 38 34 0 14 16 57 55 3 21 28 36 56 48 37 27 22 24 6 5 26 12 52 25 30 31 7 58 23 8 15 13 
52 38 47 34 13 50 6 49 36 25 20 48 30 62 19 43 12 26 18 31 11 59 56 15 28 27 24 51 16 58 44 55 33 3 46 4 42 29 21 5 17 0 8 57 61 2 37 41 60 9 40 53 22 63 1 54 45 39 32 23 7 10 14 35 
4 30 3 40 10 48 14 6 2 7 61 59 12 38 34 21 43 53 41 31 37 47 0 13 22 27 25 5 26 28 49 50 39 18 33 15 17 45 42 32 35 24 54 56 36 60 8 11 19 58 55 46 57 62 29 23 16 1 20 9 44 52 63 51 
33 5 39 57 3 20 7 38 16 49 9 24 17 30 29 27 54 62 31 10 25 13 59 0 8 55 43 47 11 53 51 52 28 22 2 34 15 37 46 48 44 60 63 42 14 40 50 21 35 12 23 45 61 32 4 26 56 41 6 19 58 36 1 18 
39 46 4 50 7 32 59 37 38 21 40 63 57 61 27 56 3 16 49 2 25 13 10 52 8 36 26 41 62 43 28 35 14 55 22 44 42 20 17 11 34 54 9 30 48 23 29 5 18 33 12 0 1 51 47 31 15 53 24 6 19 45 60 58 
60 4 41 51 25 8 7 21 54 38 13 36 42 43 34 23 24 59 44 57 39 16 31 56 17 6 2 22 20 27 45 50 63 9 10 40 14 30 11 28 1 33 52 61 47 18 55 19 48 15 0 35 53 49 5 26 3 46 29 58 37 62 32 12 
0 31 48 28 60 9 10 57 3 53 51 5 17 40 38 14 1 2 30 32 27 18 23 54 21 59 20 49 7 19 6 50 33 25 26 4 43 45 46 22 47 37 16 44 58 24 8 42 13 29 41 11 36 56 62 61 15 34 55 39 12 52 35 63 
33 45 48 18 31 5 27 50 20 46 17 2 26 1 49 8 32 52 13 3 38 60 10 11 54 6 53 0 24 36 37 39 62 42 59 12 58 9 40 43 4 41 28 21 51 29 63 25 23 35 14 56 47 19 15 7 57 22 61 34 44 16 30 55 
39 19 4 7 42 33 10 24 31 59 63 20 47 1 57 56 55 50 9 29 8 28 43 17 49 53 58 14 22 37 52 3 36 38 51 23 11 30 41 12 5 21 48 15 44 61 16 32 35 0 27 60 54 13 62 2 40 46 26 6 25 18 45 34 
52 49 17 23 1 3 46 13 0 37 42 48 14 15 18 12 45 9 41 35 25 61 4 6 60 53 62 31 29 63 56 21 20 59 39 5 44 27 22 50 47 43 32 11 8 16 26 34 24 57 51 55 19 36 10 40 54 2 38 28 30 33 7 58 
19 21 31 0 14 4 52 26 57 5 28 23 58 29 47 59 61 50 20 30 63 42 36 48 13 38 62 25 60 32 15 24 43 18 10 56 39 37 33 16 55 8 49 9 22 17 27 53 46 11 6 2 41 44 51 12 40 34 7 54 3 1 35 45 
5 4 22 33 44 52 23 46 0 7 31 2 8 24 45 18 39 11 37 48 53 36 15 16 28 14 29 21 9 19 40 17 13 55 63 42 59 1 51 47 62 54 49 38 12 35 27 56 20 3 32 6 34 10 26 43 60 61 58 25 41 50 57 30 
40 8 46 29 25 1 37 20 34 21 28 22 35 6 47 48 54 17 39 50 56 27 55 63 0 30 41 57 32 5 18 3 23 61 45 38 33 62 59 9 52 15 43 13 51 10 14 42 7 2 44 11 58 4 60 31 26 49 19 16 24 53 12 36 
56 34 19 32 12 1 38 29 50 53 63 55 33 59 30 60 62 17 51 14 10 26 2 47 41 44 61 42 58 40 13 39 46 9 21 7 23 49 57 36 43 45 16 35 48 18 31 20 0 5 24 6 3 4 15 37 22 52 11 25 8 27 28 54 
36 15 8 34 49 27 13 51 21 31 32 46 0 9 37 62 26 59 42 24 38 43 14 52 48 61 6 33 29 60 47 53 12 45 10 4 41 16 23 58 3 20 1 56 22 35 17 55 30 28 50 54 44 25 39 7 57 19 63 40 11 2 5 18 
19 20 49 40 14 54 10 27 45 18 3 63 16 0 59 24 17 33 1 38 30 46 34 29 23 31 11 32 6 48 7 47 9 25 58 61 57 52 60 42 62 56 21 39 22 13 4 5 36 37 26 28 41 43 12 35 53 55 50 15 51 2 8 44 
14 11 24 22 30 48 42 31 1 5 47 0 23 59 8 40 50 3 2 32 37 46 58 13 34 54 29 63 17 7 16 44 21 51 56 55 52 6 20 9 18 27 28 43 36 25 26 38 15 53 57 45 33 10 4 49 39 19 35 62 60 12 41 61 
59 45 5 40 42 19 61 62 56 4 13 24 51 32 16 6 1 44 10 0 23 33 55 49 2 34 46 41 54 50 48 15 31 53 26 60 37 25 57 21 22 3 29 11 7 47 18 63 12 35 28 38 39 36 30 52 43 14 27 8 9 17 58 20 
34 0 37 39 61 25 29 5 13 44 63 36 12 60 33 1 38 32 40 28 9 21 2 24 54 23 20 48 22 14 18 17 56 59 47 3 7 30 41 4 42 46 52 31 6 45 58 55 10 27 62 11 26 49 8 15 53 35 19 16 51 50 43 57 
35 60 9 8 2 31 27 32 18 46 50 16 41 54 55 38 40 1 22 43 28 24 0 5 58 47 48 45 30 56 26 39 33 37 57 51 21 11 12 25 42 23 7 62 17 6 19 20 36 61 44 3 63 14 52 4 59 10 15 13 53 34 49 29 
62 53 42 45 51 38 46 33 20 8 50 23 22 63 60 10 61 37 34 0 41 32 36 17 9 21 29 26 2 14 52 35 31 47 13 27 40 12 59 30 1 48 16 58 49 24 19 11 28 18 44 3 39 5 6 7 25 15 57 54 43 4 55 56 
46 49 4 39 23 47 29 30 44 61 10 22 34 26 15 28 27 57 62 45 8 31 24 38 33 21 36 41 43 32 17 6 1 35 2 40 7 18 12 25 16 53 3 58 54 52 13 0 42 20 14 37 59 5 9 48 11 19 51 50 60 55 63 56 
34 0 13 32 37 6 4 25 26 12 10 1 53 60 45 57 38 31 42 3 62 41 58 16 44 49 2 30 14 35 29 50 18 7 23 63 48 11 56 40 15 36 61 20 8 55 17 51 24 28 59 21 5 9 46 19 39 27 22 52 43 54 33 47 
0 3 2 29 54 30 1 42 6 59 48 8 7 31 10 35 63 37 49 60 57 4 24 14 62 23 43 44 27 46 15 38 16 58 34 36 39 50 53 11 26 40 52 41 33 12 51 5 22 17 20 45 55 28 9 13 61 21 25 56 32 47 18 19 
4 11 32 39 47 42 48 50 16 55 49 6 17 43 28 18 37 60 13 10 54 58 61 1 14 31 2 53 56 8 38 5 44 45 3 19 0 35 20 22 24 36 30 29 51 59 23 12 40 25 15 7 41 63 27 62 57 21 52 46 34 9 33 26 
9 36 0 23 58 6 53 20 61 5 35 48 12 4 28 29 43 1 47 7 13 18 22 50 19 54 51 44 59 60 42 26 3 27 49 41 30 10 8 16 21 63 40 14 24 56 15 2 45 34 11 55 25 62 17 32 38 39 37 46 57 33 52 31 
0 7 22 3 30 24 61 4 59 36 44 63 52 55 57 62 56 5 53 18 35 38 42 37 16 25 45 9 13 34 28 8 49 15 32 10 26 54 2 43 58 1 21 14 60 40 47 29 6 51 23 50 31 20 48 33 39 11 12 19 27 46 17 41 
6 44 52 35 53 15 62 40 31 32 17 18 4 45 37 1 41 26 47 39 12 57 58 0 51 54 46 29 49 10 3 20 48 38 13 14 43 9 63 30 61 19 24 55 59 60 2 5 42 36 22 21 8 34 25 23 7 11 50 28 33 56 16 27 
57 31 25 27 51 0 12 3 53 21 41 2 42 6 8 49 29 16 59 55 5 44 4 23 30 15 28 9 11 22 47 36 48 33 1 26 52 39 38 19 43 60 46 61 35 50 17 14 24 13 40 62 63 34 54 10 37 20 18 45 56 7 32 58 
10 3 30 39 47 34 22 62 21 36 32 28 23 61 45 4 0 57 51 11 46 50 31 58 49 15 20 14 53 18 5 38 13 25 63 16 37 40 56 44 7 42 54 26 6 29 48 24 8 9 2 17 59 55 27 41 1 43 35 52 33 60 19 12 
15 61 54 49 1 50 8 26 22 59 44 47 23 0 35 39 62 3 11 25 40 2 17 12 5 28 55 34 43 41 16 6 63 57 7 32 19 46 27 42 56 21 24 53 51 60 4 10 20 38 33 48 58 37 45 9 14 31 29 36 30 18 52 13 
55 22 51 30 7 59 26 41 23 47 48 62 13 52 56 50 38 20 32 37 4 12 54 39 3 24 63 53 5 57 49 8 40 11 35 43 45 6 15 58 46 61 27 18 21 2 29 44 10 36 16 33 9 34 60 28 25 31 1 14 0 19 17 42 
1 30 42 15 54 40 11 41 45 60 8 6 46 26 19 22 57 53 5 62 10 49 9 23 51 7 61 52 35 39 2 32 37 25 21 47 44 24 27 34 31 36 56 18 33 59 29 38 12 50 17 13 43 4 16 48 14 58 3 28 0 63 20 55 
52 13 54 14 58 12 8 43 44 30 23 51 55 15 11 60 46 53 56 26 34 16 9 41 37 40 24 17 4 31 48 49 6 3 7 0 2 25 39 5 22 45 61 28 29 21 27 33 38 36 47 32 62 19 50 35 20 18 1 42 59 63 10 57 
42 28 2 14 33 51 12 8 43 47 36 63 55 15 41 59 16 35 13 29 22 53 17 6 58 19 50 23 27 5 26 3 7 40 60 18 9 46 21 34 48 61 56 44 62 52 49 25 1 32 31 24 39 38 11 54 30 0 37 10 20 45 4 57 
16 1 15 50 19 5 26 11 61 20 37 51 41 47 9 12 17 4 52 56 36 43 57 38 48 30 3 53 8 6 27 34 42 40 32 39 24 13 18 21 14 46 63 28 35 0 22 44 49 31 29 33 23 7 54 55 25 10 58 2 62 60 59 45 
31 58 53 0 26 13 27 46 48 25 6 52 5 19 24 41 55 29 63 12 17 10 32 9 2 44 61 57 14 45 34 35 30 1 7 36 33 51 11 42 18 43 37 39 54 16 15 20 4 23 22 49 3 47 38 59 40 60 50 8 62 56 21 28 
32 61 57 60 2 49 20 12 45 29 4 27 37 9 7 43 24 5 19 22 54 59 47 40 46 56 58 3 30 51 26 42 31 39 44 36 62 1 50 34 8 53 21 17 33 23 18 52 25 28 55 11 16 10 48 13 38 15 63 6 0 41 35 14 
2 3 32 28 31 37 18 63 12 53 61 33 46 10 30 20 14 56 6 40 4 25 11 19 22 41 8 17 55 48 51 21 60 29 7 27 57 45 62 26 9 34 38 42 39 24 5 16 44 36 49 54 15 50 35 43 52 1 47 58 0 59 13 23 
20 62 32 10 11 59 61 34 18 43 4 56 17 27 42 12 37 24 31 7 52 16 30 63 47 54 25 48 8 51 35 28 23 6 15 22 58 33 41 36 2 14 5 50 13 46 3 26 1 39 40 38 29 55 44 9 53 21 0 57 49 19 60 45 
52 8 2 39 44 48 28 33 40 62 36 45 23 61 14 63 43 30 16 37 4 18 35 22 56 49 46 7 15 12 26 38 13 19 9 21 51 53 59 57 3 29 11 1 20 55 58 6 31 10 47 54 34 24 41 50 25 42 17 5 0 32 60 27 
32 16 56 8 48 34 58 27 43 22 59 4 30 55 29 42 53 44 50 17 13 3 21 26 45 40 19 60 63 49 6 62 31 14 61 24 2 37 36 39 11 28 38 7 18 46 35 52 25 9 41 1 57 20 47 10 0 54 5 15 12 51 23 33 
48 53 14 55 16 26 31 54 45 5 50 1 3 32 13 38 43 36 7 62 34 9 17 25 15 2 27 33 61 21 57 18 44 29 19 10 24 47 4 22 52 63 8 56 28 37 59 41 58 46 60 30 23 49 6 20 40 51 12 11 35 42 39 0 
8 32 47 46 41 60 22 42 51 57 49 31 10 24 45 43 17 50 4 27 37 7 12 63 29 2 5 18 25 38 39 13 62 52 19 23 21 54 6 59 35 34 30 0 11 15 61 40 33 48 55 16 53 20 36 1 26 44 28 3 58 56 9 14 
28 7 50 26 19 8 61 18 33 1 34 36 30 35 38 23 4 45 46 41 63 47 2 15 10 44 5 13 40 32 37 6 57 11 20 31 25 22 14 55 54 12 29 3 21 53 17 16 24 59 43 49 48 52 62 56 60 0 39 51 9 42 58 27 
25 11 56 22 60 23 38 5 51 54 6 12 24 16 2 13 52 27 0 29 50 37 44 55 53 30 39 48 40 61 14 28 34 9 36 45 26 49 58 43 57 62 4 18 31 3 21 35 59 41 46 20 32 63 10 33 42 1 7 8 19 47 15 17 
4 35 0 46 1 32 45 58 39 20 33 41 56 5 29 10 24 48 60 16 17 49 63 43 50 27 36 13 9 22 53 40 51 3 7 34 12 31 37 2 47 14 30 44 59 61 23 28 54 15 42 26 19 55 8 38 62 21 11 57 6 18 25 52 
24 41 13 7 20 48 6 50 17 60 21 45 44 8 25 39 38 33 58 62 55 46 23 32 37 0 63 43 16 11 15 51 30 34 42 27 31 52 9 26 29 10 14 35 56 57 5 59 28 2 1 22 53 3 18 54 40 19 49 12 4 36 47 61 
49 20 22 62 43 40 16 45 11 0 33 50 19 37 59 9 29 28 32 60 27 23 8 53 34 3 42 31 15 12 18 52 2 54 25 61 44 26 1 38 46 56 24 35 30 14 39 36 17 57 21 13 4 5 47 55 6 41 10 58 63 51 48 7 
8 52 10 39 32 50 54 43 59 48 23 61 37 20 4 42 6 55 7 16 63 35 51 57 2 58 40 33 34 9 12 15 21 26 56 11 1 17 38 36 24 41 46 14 49 0 25 5 60 28 13 19 31 45 22 44 30 27 3 53 47 29 62 18 
45 63 9 22 36 13 8 39 5 38 7 10 43 54 58 50 41 19 20 3 14 23 51 33 31 18 35 62 25 11 48 2 61 24 47 52 56 34 40 6 49 32 0 1 46 53 37 60 21 28 44 12 15 59 29 42 4 57 55 17 27 30 16 26 
30 63 62 14 38 55 39 41 4 0 21 56 32 23 52 53 28 1 59 8 33 44 60 47 27 5 2 40 58 37 50 22 31 36 9 61 13 6 26 12 7 10 57 45 34 25 3 42 17 51 18 15 19 43 54 16 49 20 24 48 29 11 35 46 
63 6 26 40 15 27 35 52 55 60 48 1 53 19 58 50 47 57 9 2 32 21 25 18 44 29 56 11 37 39 45 4 20 3 49 30 42 28 16 62 36 14 43 13 54 24 51 17 10 38 34 41 7 33 5 61 46 59 12 0 22 23 8 31 
59 49 20 10 56 42 21 63 46 13 27 37 23 61 8 32 17 44 22 5 48 30 57 54 1 43 55 40 38 45 58 62 25 33 2 0 51 24 6 4 7 53 35 39 52 18 60 9 34 3 31 47 11 19 26 15 28 41 50 16 12 29 14 36 
41 2 11 31 9 14 35 22 24 50 62 38 54 28 26 60 52 37 15 20 6 7 5 58 59 30 36 39 0 63 47 25 18 4 19 55 46 23 8 34 49 29 1 12 53 61 44 3 51 10 42 21 17 13 43 40 56 57 32 16 48 33 45 27 
11 35 32 25 50 14 51 10 30 9 3 19 28 2 60 59 38 29 0 42 46 37 41 23 15 7 36 49 18 5 22 17 6 40 48 62 16 31 56 61 53 39 52 24 13 34 47 43 57 26 44 21 4 58 20 1 12 27 45 8 54 55 33 63 
16 59 3 61 12 24 44 58 33 46 39 49 38 0 54 57 47 60 53 29 31 27 14 48 8 50 15 42 37 23 28 45 56 52 41 20 21 22 26 5 10 35 55 34 11 6 32 25 40 18 1 30 36 7 62 51 4 13 2 9 63 43 19 17 
22 1 27 46 62 40 8 58 32 51 52 59 16 30 48 49 23 61 25 39 57 35 54 56 36 55 33 53 11 18 9 26 13 10 38 29 3 50 41 0 34 60 15 6 4 17 21 43 14 42 19 12 20 47 63 28 24 37 5 44 7 2 45 31 
58 30 0 14 52 3 5 28 43 44 60 15 53 59 8 40 16 62 48 24 18 21 41 39 42 54 49 26 4 55 9 31 25 10 22 36 56 50 61 63 34 27 23 6 46 35 57 38 19 20 17 29 12 37 13 1 47 11 7 33 51 2 32 45 
14 8 56 58 49 11 47 31 42 40 61 0 30 1 17 39 4 3 51 10 6 60 9 2 45 32 62 33 41 57 63 23 55 12 27 46 22 24 5 15 52 38 54 29 19 59 36 48 28 37 44 18 34 25 16 35 7 43 26 53 50 21 13 20 
7 26 17 11 47 55 51 57 41 0 59 58 12 49 6 46 48 50 5 37 61 54 16 22 33 24 18 32 31 9 43 60 28 23 2 44 3 63 38 10 53 30 19 35 62 42 36 8 56 40 45 39 20 27 21 14 29 1 25 52 13 4 15 34 
7 27 8 53 2 18 40 3 16 60 41 1 17 14 61 45 22 29 50 44 34 32 56 21 11 48 26 31 59 4 63 24 58 57 28 42 9 38 30 37 62 51 23 52 36 33 13 20 12 25 49 39 35 0 6 46 55 54 10 47 5 19 43 15 
27 48 18 62 40 7 0 4 29 41 53 11 8 2 54 37 42 57 36 12 19 30 10 14 26 35 47 46 31 23 51 22 59 24 58 3 49 15 1 16 32 56 13 52 34 17 9 5 28 55 33 21 6 63 43 44 61 25 60 39 20 38 50 45 
53 63 46 45 0 4 47 54 60 11 8 39 40 56 61 51 28 7 6 3 48 14 9 49 20 59 33 42 15 16 22 44 50 58 34 43 57 1 17 12 19 13 52 31 25 36 18 27 29 23 21 26 35 37 2 30 41 10 38 24 5 32 55 62 
58 30 4 14 47 1 23 34 63 29 18 49 2 40 25 13 7 48 20 5 31 10 22 61 24 6 42 37 50 62 54 12 39 57 9 51 0 59 21 19 56 3 38 28 53 52 55 26 35 43 44 15 32 46 45 11 41 36 8 16 60 17 27 33 
17 45 14 1 19 10 15 62 60 34 63 46 0 25 52 50 11 51 35 13 54 33 41 40 23 44 38 36 21 49 58 16 29 61 20 48 8 24 22 9 31 47 32 53 6 2 57 43 39 18 4 27 30 42 26 37 55 7 12 5 28 56 3 59 
12 15 54 28 4 47 56 3 17 21 63 22 0 36 1 59 9 32 11 37 48 27 24 55 39 34 51 35 52 19 61 5 45 14 43 20 46 41 2 50 29 23 40 16 6 26 53 33 30 49 10 25 58 7 8 42 44 31 60 62 18 38 13 57 
0 44 14 38 22 61 13 21 35 50 12 30 59 28 55 4 37 41 23 9 48 54 32 33 17 31 58 8 19 42 36 51 57 6 20 43 24 15 5 62 25 63 27 7 10 45 53 3 18 34 40 16 49 1 52 11 39 56 29 60 46 47 26 2 
30 19 42 49 43 59 1 60 5 45 58 8 50 38 32 28 39 44 2 3 34 12 36 13 61 51 47 15 54 63 23 35 33 56 41 46 55 37 20 21 26 9 10 25 16 31 14 0 6 52 18 29 4 57 62 27 40 24 53 48 11 22 7 17 
11 26 38 6 14 48 9 47 25 58 41 24 4 1 59 49 21 32 22 62 51 30 44 2 46 61 60 40 28 8 52 12 34 15 57 7 54 0 37 16 23 3 55 31 10 42 56 63 19 33 27 36 43 29 53 20 50 39 35 13 5 17 45 18 
41 40 28 54 3 59 42 12 9 25 35 27 31 63 7 37 0 29 61 23 10 21 2 50 15 30 43 6 8 16 62 36 48 56 18 34 38 13 19 22 51 52 24 57 17 55 44 60 5 49 47 4 53 20 58 1 46 39 32 11 45 26 33 14 
51 29 21 55 31 48 18 25 46 30 50 63 0 24 39 58 56 12 27 59 35 5 1 23 43 53 7 47 14 6 22 49 57 16 62 19 38 15 8 11 45 54 42 2 32 9 20 61 37 52 60 36 26 3 44 4 13 40 10 41 34 17 33 28 
1 29 43 15 46 33 7 30 5 58 17 25 27 53 26 34 16 60 3 55 51 36 19 52 56 38 62 10 41 37 9 49 48 35 8 22 28 6 44 32 40 12 31 42 23 2 24 54 50 18 13 59 11 63 20 61 21 47 4 45 0 39 14 57 
52 40 54 1 49 25 36 47 62 46 10 55 30 17 50 16 32 45 6 12 56 44 22 61 9 15 57 21 43 20 26 51 29 11 38 19 42 27 2 60 35 3 24 53 8 37 33 4 14 31 48 63 7 5 23 13 18 58 34 28 59 39 41 0 
9 59 40 7 35 23 46 20 22 47 32 60 15 18 8 24 61 63 28 10 33 43 17 2 53 55 19 44 6 62 29 52 57 16 56 41 11 45 31 14 26 36 38 58 42 49 5 0 39 51 37 27 12 21 50 13 48 30 25 1 3 54 4 34 
0 63 58 23 7 16 22 10 61 40 14 30 28 5 13 27 44 57 24 1 31 33 46 42 59 45 2 4 12 50 36 34 26 18 38 9 60 3 56 51 11 19 20 43 47 54 62 6 37 35 8 41 21 49 32 29 15 39 52 48 55 53 25 17 
35 29 48 38 62 44 20 49 14 16 45 28 46 9 55 6 40 10 53 47 1 60 39 2 17 50 57 26 61 51 59 32 37 21 34 27 25 52 19 24 54 42 5 23 33 15 0 30 3 41 31 36 18 4 58 63 8 7 22 43 56 13 11 12 
7 44 3 31 22 62 12 40 13 14 43 41 45 58 59 46 33 19 8 47 56 37 54 55 11 24 15 52 26 49 20 42 5 39 23 32 25 35 4 34 2 1 50 61 51 29 0 36 9 28 57 6 17 16 38 63 53 21 48 60 10 18 27 30 
55 13 11 1 60 38 5 26 10 29 45 24 53 32 12 48 57 43 16 3 20 22 42 28 33 56 21 61 31 35 34 6 58 59 39 36 30 15 49 23 44 63 25 41 18 19 46 8 27 0 2 4 37 51 17 40 47 54 9 14 50 52 7 62 
