22 2 28 43 63 40 24 25 18 23 9 58 1 33 3 32 54 15 27 34 0 45 5 8 41 47 12 57 38 4 51 55 49 56 21 46 52 50 60 20 53 7 6 59 19 62 39 26 42 10 13 31 16 44 14 29 35 36 61 37 48 17 30 11 
57 6 32 13 38 8 2 3 9 52 42 24 23 56 48 29 1 50 41 17 34 15 44 61 20 47 11 31 51 0 14 63 4 46 7 37 10 36 60 18 62 45 53 22 19 25 40 43 49 58 21 54 12 59 35 33 28 39 27 26 16 55 30 5 
29 9 53 7 20 23 39 47 30 16 13 44 2 8 55 10 6 15 48 37 42 52 36 5 33 4 61 21 56 22 60 31 41 25 27 35 59 50 18 28 26 51 38 54 11 57 19 49 40 24 45 63 32 0 14 58 43 3 46 34 62 17 1 12 
26 45 24 58 33 18 38 56 61 52 48 42 28 29 47 7 35 0 23 15 37 62 22 39 19 43 2 5 63 21 27 11 13 32 46 1 17 4 40 14 25 44 3 59 16 9 12 49 6 54 50 53 20 41 51 8 30 31 34 60 36 55 57 10 
52 53 4 48 17 7 23 38 15 41 56 8 34 44 58 9 61 55 6 51 29 20 40 24 21 46 25 63 54 37 59 19 31 14 10 35 45 27 36 32 62 49 22 50 57 26 11 33 5 1 0 13 42 28 60 47 2 3 18 12 39 43 30 16 
28 51 33 63 29 10 17 0 40 30 25 55 59 15 31 43 32 48 61 47 58 22 5 52 34 18 45 46 3 13 50 11 24 38 39 21 16 9 27 4 57 37 42 53 23 19 26 14 56 49 41 2 20 1 12 8 60 35 62 6 54 7 44 36 
17 4 55 2 8 1 38 26 39 62 9 57 31 0 41 34 52 20 25 61 19 16 12 45 11 50 51 43 60 59 49 30 32 58 13 40 53 22 37 54 47 63 7 36 56 24 18 33 27 35 14 28 10 3 21 46 15 44 5 42 6 48 23 29 
29 35 40 60 24 2 55 42 47 18 41 1 43 5 17 10 16 9 27 23 58 21 46 52 31 22 33 62 11 19 45 28 34 4 14 56 32 44 53 30 12 8 7 0 37 25 49 50 36 59 13 3 48 54 51 20 15 6 57 63 61 26 38 39 
53 13 45 34 6 1 24 16 47 38 10 7 9 5 18 29 42 30 17 27 41 61 2 63 56 57 35 23 8 4 58 15 3 37 14 51 12 52 0 20 26 32 21 28 31 50 11 43 19 46 44 36 60 48 54 25 59 55 49 22 33 62 39 40 
11 17 63 41 28 18 37 58 45 24 15 31 21 22 51 27 47 59 48 46 56 52 44 29 10 19 2 25 23 12 49 26 20 0 60 61 33 16 43 50 1 62 7 9 8 53 40 13 55 42 54 39 14 5 35 38 32 4 30 34 3 6 36 57 
16 46 4 30 41 50 32 7 8 31 43 9 37 51 48 63 52 33 3 59 2 34 55 61 21 17 19 39 45 18 27 42 25 58 60 38 24 14 57 47 62 36 53 1 6 22 10 44 20 28 0 26 12 35 5 23 54 29 15 13 11 56 49 40 
2 8 27 47 0 56 62 21 19 50 32 25 14 30 29 52 45 42 28 33 31 35 26 46 9 7 40 57 63 4 1 54 59 60 6 17 53 24 20 16 3 41 39 18 44 11 37 36 23 13 12 22 51 58 34 49 48 5 61 10 15 55 38 43 
41 51 56 14 26 13 19 8 20 16 10 27 1 11 18 63 37 59 50 61 3 49 17 12 43 7 42 46 62 34 33 23 36 24 52 2 57 29 25 30 31 15 38 58 32 47 48 4 53 60 9 55 21 22 0 44 6 40 35 45 39 54 28 5 
51 6 59 41 58 0 48 33 16 63 37 18 57 19 47 11 44 42 52 60 22 39 35 12 13 17 31 62 30 50 1 53 21 27 3 43 40 38 24 49 4 54 34 61 10 20 7 2 29 15 28 26 55 56 32 23 45 8 36 14 5 46 9 25 
7 63 52 59 40 4 19 33 58 55 56 29 32 13 28 15 11 54 18 53 46 57 50 38 41 24 3 22 14 8 25 44 51 39 21 27 5 60 35 36 45 6 43 34 26 12 62 17 1 49 20 23 47 61 30 37 42 9 0 2 16 48 31 10 
60 3 50 25 35 6 5 59 2 14 39 26 4 1 43 9 22 52 47 46 51 61 17 27 37 24 45 34 55 0 8 19 13 54 38 32 36 63 48 41 10 58 53 33 20 62 44 49 57 16 29 18 30 11 56 40 31 12 15 21 28 42 7 23 
18 61 54 59 20 12 46 38 28 39 55 31 8 48 16 9 51 5 52 40 21 37 45 27 14 35 19 4 2 25 63 57 42 11 17 26 13 0 43 36 6 34 24 60 30 23 7 10 3 56 15 49 29 58 1 33 41 62 53 44 50 22 47 32 
0 19 1 59 46 25 6 17 26 4 27 11 37 51 47 35 61 16 23 44 2 63 14 29 53 15 50 22 40 52 12 33 34 55 21 10 18 56 8 31 38 39 28 48 41 62 49 32 36 58 13 3 7 9 20 24 43 54 57 45 30 42 60 5 
21 41 27 31 4 44 40 45 23 32 15 38 8 39 11 1 50 3 62 54 30 60 16 57 26 28 24 22 48 5 20 46 14 10 42 51 13 34 29 56 37 6 55 49 18 19 12 59 58 2 43 53 33 0 63 25 7 35 36 9 17 47 52 61 
50 11 28 27 41 56 39 17 38 40 63 4 32 25 21 44 18 58 7 29 22 8 20 3 48 47 30 54 62 49 33 36 46 9 10 2 35 51 0 60 31 52 34 15 45 26 37 14 13 59 23 53 43 42 55 1 61 24 19 12 6 57 5 16 
32 9 56 18 19 41 43 39 63 46 31 53 0 36 20 38 55 25 54 45 47 28 49 24 17 2 48 6 13 35 59 50 15 29 22 26 11 30 37 34 7 40 27 21 3 5 8 1 51 23 52 42 12 60 62 61 57 4 10 16 44 58 14 33 
34 28 8 63 30 31 39 6 38 29 2 57 14 24 23 0 59 1 33 26 53 56 55 19 40 25 12 54 32 58 61 10 50 41 52 60 4 22 46 3 51 18 43 5 13 48 45 37 35 27 49 42 20 47 17 9 21 7 62 44 16 11 15 36 
63 33 15 44 57 55 54 50 51 25 12 16 48 14 45 3 58 17 52 35 0 18 40 56 39 38 43 62 53 20 49 36 60 9 37 2 32 13 31 4 34 46 5 24 6 47 26 21 1 19 41 11 59 10 28 30 29 8 22 61 27 42 23 7 
0 55 16 42 28 24 1 21 23 34 32 56 46 59 17 35 22 9 54 51 10 19 15 13 7 3 61 11 53 36 40 26 62 45 31 57 50 47 14 39 44 20 49 2 27 60 18 33 25 5 52 12 48 38 58 6 29 37 30 63 43 4 41 8 
47 63 35 53 43 26 10 20 39 1 25 40 32 3 33 30 45 41 2 8 7 59 34 58 50 51 27 6 60 42 4 17 13 48 18 12 37 29 23 49 46 44 15 9 21 52 38 36 28 5 54 0 56 55 24 57 19 61 14 62 16 31 11 22 
40 8 44 3 42 43 56 55 61 0 13 17 34 32 14 27 10 18 47 24 1 46 28 9 53 29 15 33 60 4 50 52 39 37 7 22 2 30 45 26 5 12 20 41 23 21 57 51 59 31 16 48 38 58 6 19 36 63 62 35 11 25 54 49 
24 26 14 62 59 1 48 49 8 51 52 47 23 18 29 7 11 31 38 28 56 0 16 10 30 34 44 22 17 63 42 40 3 33 53 37 58 6 9 27 32 35 4 15 21 20 46 60 39 36 45 19 61 5 25 13 55 54 43 57 12 41 2 50 
31 42 55 46 13 39 36 1 60 3 59 44 34 27 6 50 30 41 35 16 20 63 38 43 9 7 17 52 61 62 53 54 45 19 10 47 8 4 14 51 11 25 26 57 28 2 29 23 37 58 40 24 0 22 15 18 5 56 12 33 21 32 48 49 
20 49 40 45 16 22 32 61 37 48 4 42 60 39 2 54 57 15 11 3 35 1 62 27 10 24 8 28 59 33 25 47 58 63 31 21 26 56 29 36 18 38 13 55 0 43 7 34 17 53 44 5 52 12 46 19 23 41 50 6 30 14 9 51 
16 45 34 59 10 5 30 6 17 44 50 9 1 31 35 19 37 0 4 36 32 21 40 39 42 52 3 60 11 48 33 23 7 61 43 28 14 62 29 46 26 12 2 25 63 20 58 51 13 24 27 38 49 56 8 18 22 41 57 53 47 54 55 15 
2 9 33 51 32 58 40 12 24 54 13 50 53 63 16 56 42 26 49 46 37 22 25 19 10 30 57 45 11 8 39 17 60 62 18 3 35 7 34 61 29 44 38 52 20 48 5 36 43 59 41 27 21 47 6 15 55 14 4 23 31 1 28 0 
15 17 45 12 31 0 38 28 36 23 40 49 63 18 3 34 13 44 37 6 59 58 56 11 62 4 2 5 29 1 8 19 33 16 30 53 21 32 52 54 10 50 14 25 57 22 35 46 47 41 39 43 55 7 9 61 26 27 42 48 24 20 51 60 
41 31 5 38 25 10 29 13 32 9 0 37 22 33 57 14 45 21 8 39 42 34 55 62 46 63 56 44 48 18 43 6 54 12 26 16 11 19 15 20 7 30 28 40 4 61 60 17 47 59 2 49 35 1 36 3 50 52 53 58 23 51 27 24 
30 63 13 49 50 26 57 16 11 24 47 41 51 34 59 20 14 43 48 5 35 1 9 12 42 19 29 28 25 2 60 58 17 39 53 46 18 4 3 44 32 38 6 15 40 8 54 23 21 55 7 56 10 37 36 27 52 33 62 31 0 61 22 45 
28 19 30 63 51 8 25 39 32 61 31 1 38 0 41 10 13 26 48 37 29 17 11 16 14 20 42 22 24 23 45 15 57 34 55 59 53 2 54 49 44 12 33 46 35 40 7 43 36 6 56 9 4 21 5 62 18 50 3 52 58 60 27 47 
5 52 29 22 28 59 7 19 62 4 21 35 11 33 6 37 18 47 63 51 0 20 31 16 57 50 17 45 55 58 36 54 41 44 23 24 53 61 56 9 14 1 12 26 15 60 40 10 32 39 43 46 2 30 48 49 8 3 34 38 27 13 42 25 
30 62 11 2 23 25 8 51 59 33 44 3 14 49 16 39 10 0 5 61 12 13 46 34 58 21 28 15 54 27 50 53 1 35 22 6 47 19 60 32 4 36 38 41 29 26 52 57 63 40 56 20 43 45 17 31 48 24 9 37 7 18 42 55 
52 38 18 4 42 1 20 9 29 43 12 61 22 59 8 15 17 57 37 45 36 6 13 26 19 39 32 47 41 48 33 44 3 31 49 56 23 58 14 10 5 54 16 7 2 25 21 28 11 30 46 53 62 27 63 51 60 0 50 55 35 34 40 24 
15 16 61 53 13 10 42 35 18 36 50 58 38 26 32 8 31 63 5 55 9 21 7 3 39 60 62 14 34 41 44 52 2 47 51 40 43 37 1 49 20 25 54 46 24 29 0 27 30 33 48 6 4 45 57 22 12 56 23 11 17 19 28 59 
10 9 40 3 37 14 32 30 5 57 20 25 12 31 54 15 16 18 52 23 63 22 43 19 45 13 6 50 7 35 38 4 41 56 17 0 21 2 27 34 44 47 55 58 51 39 61 48 11 59 53 36 42 46 33 49 24 26 62 28 8 29 1 60 
24 1 37 29 59 4 14 50 62 47 45 63 5 23 27 17 39 8 58 19 56 16 6 28 0 32 22 46 26 20 25 33 13 41 38 10 15 31 11 61 2 42 9 44 53 3 30 57 51 52 40 43 18 35 54 55 48 21 60 34 7 49 12 36 
53 35 13 0 34 49 33 25 11 4 47 30 3 58 12 21 16 59 28 40 39 56 20 42 43 22 32 19 62 61 57 44 10 29 63 41 45 7 50 24 52 38 17 6 27 18 37 55 48 51 36 8 31 26 46 5 15 9 14 1 2 60 54 23 
10 28 22 51 25 1 8 27 12 41 62 21 54 43 44 61 31 18 11 46 56 15 52 7 13 63 20 39 24 58 57 30 60 5 37 14 32 42 34 0 9 33 35 47 40 2 23 48 4 50 29 6 36 17 53 49 55 16 45 26 59 3 38 19 
52 36 23 35 9 59 62 51 46 32 19 48 61 53 27 17 24 6 26 14 16 3 1 33 42 8 41 5 15 28 30 60 31 29 0 21 20 12 11 45 54 40 37 10 43 63 7 18 47 56 13 4 55 25 38 39 49 34 44 50 2 58 57 22 
23 28 4 57 52 36 33 44 6 25 62 48 45 50 7 15 3 47 20 9 30 61 11 8 56 14 51 58 42 19 18 5 0 26 39 24 34 27 21 55 59 10 37 60 12 35 43 41 31 2 54 46 1 63 16 32 38 13 49 22 53 29 40 17 
39 16 1 29 52 3 6 22 60 41 63 10 9 43 56 58 36 40 27 20 17 19 7 51 55 21 46 42 18 49 28 5 23 13 50 30 2 24 57 61 8 35 32 12 47 54 4 38 53 15 34 45 14 0 11 25 59 44 26 37 48 62 33 31 
6 27 48 19 41 46 60 37 47 56 39 32 49 45 5 11 31 30 7 2 8 34 22 44 23 25 29 43 15 53 20 12 24 3 61 55 36 4 40 28 35 59 16 9 57 50 17 42 62 14 18 21 1 52 33 51 63 58 10 54 13 0 38 26 
25 30 28 47 20 35 42 41 10 32 38 14 11 52 56 57 34 17 31 62 6 26 29 39 27 19 4 21 50 16 48 54 9 24 63 55 23 51 33 45 59 60 40 1 0 43 37 3 61 22 13 49 18 15 58 12 44 7 2 46 8 36 53 5 
21 23 57 58 47 24 27 28 22 25 38 39 53 3 12 55 46 30 40 26 18 32 13 5 43 45 4 15 56 49 61 42 52 31 10 37 1 2 0 50 41 59 8 29 48 9 19 16 35 60 44 14 20 11 17 62 7 34 63 54 33 6 36 51 
30 5 60 53 26 16 55 10 45 17 22 39 34 12 27 11 7 35 25 46 28 51 15 41 20 42 57 61 14 2 40 29 48 59 3 4 58 24 8 47 13 0 50 43 37 9 33 36 54 52 32 31 38 56 21 62 1 49 18 63 44 6 19 23 
34 51 50 60 9 35 30 24 25 48 5 61 0 6 11 39 27 53 18 20 52 42 21 57 17 1 4 7 8 29 12 62 56 63 31 10 54 2 3 13 45 55 26 44 14 36 37 23 28 16 58 19 49 47 40 43 33 38 22 41 32 15 59 46 
40 59 35 7 51 63 17 5 29 20 19 45 10 39 32 54 4 12 3 0 27 30 42 55 57 23 6 43 15 14 18 62 31 50 1 34 9 16 38 24 22 36 26 25 13 46 44 41 33 37 61 21 52 2 47 8 60 56 53 28 49 58 11 48 
18 61 54 59 20 12 46 38 28 39 55 31 8 48 16 9 51 5 52 40 21 37 45 27 14 35 19 4 2 25 63 57 42 11 17 26 13 0 43 36 6 34 24 60 30 23 7 10 3 56 15 49 29 58 1 33 41 62 53 44 50 22 47 32 
0 19 1 59 46 25 6 17 26 4 27 11 37 51 47 35 61 16 23 44 2 63 14 29 53 15 50 22 40 52 12 33 34 55 21 10 18 56 8 31 38 39 28 48 41 62 49 32 36 58 13 3 7 9 20 24 43 54 57 45 30 42 60 5 
21 41 27 31 4 44 40 45 23 32 15 38 8 39 11 1 50 3 62 54 30 60 16 57 26 28 24 22 48 5 20 46 14 10 42 51 13 34 29 56 37 6 55 49 18 19 12 59 58 2 43 53 33 0 63 25 7 35 36 9 17 47 52 61 
50 11 28 27 41 56 39 17 38 40 63 4 32 25 21 44 18 58 7 29 22 8 20 3 48 47 30 54 62 49 33 36 46 9 10 2 35 51 0 60 31 52 34 15 45 26 37 14 13 59 23 53 43 42 55 1 61 24 19 12 6 57 5 16 
32 9 56 18 19 41 43 39 63 46 31 53 0 36 20 38 55 25 54 45 47 28 49 24 17 2 48 6 13 35 59 50 15 29 22 26 11 30 37 34 7 40 27 21 3 5 8 1 51 23 52 42 12 60 62 61 57 4 10 16 44 58 14 33 
34 28 8 63 30 31 39 6 38 29 2 57 14 24 23 0 59 1 33 26 53 56 55 19 40 25 12 54 32 58 61 10 50 41 52 60 4 22 46 3 51 18 43 5 13 48 45 37 35 27 49 42 20 47 17 9 21 7 62 44 16 11 15 36 
63 33 15 44 57 55 54 50 51 25 12 16 48 14 45 3 58 17 52 35 0 18 40 56 39 38 43 62 53 20 49 36 60 9 37 2 32 13 31 4 34 46 5 24 6 47 26 21 1 19 41 11 59 10 28 30 29 8 22 61 27 42 23 7 
0 55 16 42 28 24 1 21 23 34 32 56 46 59 17 35 22 9 54 51 10 19 15 13 7 3 61 11 53 36 40 26 62 45 31 57 50 47 14 39 44 20 49 2 27 60 18 33 25 5 52 12 48 38 58 6 29 37 30 63 43 4 41 8 
47 63 35 53 43 26 10 20 39 1 25 40 32 3 33 30 45 41 2 8 7 59 34 58 50 51 27 6 60 42 4 17 13 48 18 12 37 29 23 49 46 44 15 9 21 52 38 36 28 5 54 0 56 55 24 57 19 61 14 62 16 31 11 22 
40 8 44 3 42 43 56 55 61 0 13 17 34 32 14 27 10 18 47 24 1 46 28 9 53 29 15 33 60 4 50 52 39 37 7 22 2 30 45 26 5 12 20 41 23 21 57 51 59 31 16 48 38 58 6 19 36 63 62 35 11 25 54 49 
24 26 14 62 59 1 48 49 8 51 52 47 23 18 29 7 11 31 38 28 56 0 16 10 30 34 44 22 17 63 42 40 3 33 53 37 58 6 9 27 32 35 4 15 21 20 46 60 39 36 45 19 61 5 25 13 55 54 43 57 12 41 2 50 
31 42 55 46 13 39 36 1 60 3 59 44 34 27 6 50 30 41 35 16 20 63 38 43 9 7 17 52 61 62 53 54 45 19 10 47 8 4 14 51 11 25 26 57 28 2 29 23 37 58 40 24 0 22 15 18 5 56 12 33 21 32 48 49 
20 49 40 45 16 22 32 61 37 48 4 42 60 39 2 54 57 15 11 3 35 1 62 27 10 24 8 28 59 33 25 47 58 63 31 21 26 56 29 36 18 38 13 55 0 43 7 34 17 53 44 5 52 12 46 19 23 41 50 6 30 14 9 51 
16 45 34 59 10 5 30 6 17 44 50 9 1 31 35 19 37 0 4 36 32 21 40 39 42 52 3 60 11 48 33 23 7 61 43 28 14 62 29 46 26 12 2 25 63 20 58 51 13 24 27 38 49 56 8 18 22 41 57 53 47 54 55 15 
2 9 33 51 32 58 40 12 24 54 13 50 53 63 16 56 42 26 49 46 37 22 25 19 10 30 57 45 11 8 39 17 60 62 18 3 35 7 34 61 29 44 38 52 20 48 5 36 43 59 41 27 21 47 6 15 55 14 4 23 31 1 28 0 
15 17 45 12 31 0 38 28 36 23 40 49 63 18 3 34 13 44 37 6 59 58 56 11 62 4 2 5 29 1 8 19 33 16 30 53 21 32 52 54 10 50 14 25 57 22 35 46 47 41 39 43 55 7 9 61 26 27 42 48 24 20 51 60 
41 31 5 38 25 10 29 13 32 9 0 37 22 33 57 14 45 21 8 39 42 34 55 62 46 63 56 44 48 18 43 6 54 12 26 16 11 19 15 20 7 30 28 40 4 61 60 17 47 59 2 49 35 1 36 3 50 52 53 58 23 51 27 24 
30 63 13 49 50 26 57 16 11 24 47 41 51 34 59 20 14 43 48 5 35 1 9 12 42 19 29 28 25 2 60 58 17 39 53 46 18 4 3 44 32 38 6 15 40 8 54 23 21 55 7 56 10 37 36 27 52 33 62 31 0 61 22 45 
28 19 30 63 51 8 25 39 32 61 31 1 38 0 41 10 13 26 48 37 29 17 11 16 14 20 42 22 24 23 45 15 57 34 55 59 53 2 54 49 44 12 33 46 35 40 7 43 36 6 56 9 4 21 5 62 18 50 3 52 58 60 27 47 
5 52 29 22 28 59 7 19 62 4 21 35 11 33 6 37 18 47 63 51 0 20 31 16 57 50 17 45 55 58 36 54 41 44 23 24 53 61 56 9 14 1 12 26 15 60 40 10 32 39 43 46 2 30 48 49 8 3 34 38 27 13 42 25 
30 62 11 2 23 25 8 51 59 33 44 3 14 49 16 39 10 0 5 61 12 13 46 34 58 21 28 15 54 27 50 53 1 35 22 6 47 19 60 32 4 36 38 41 29 26 52 57 63 40 56 20 43 45 17 31 48 24 9 37 7 18 42 55 
52 38 18 4 42 1 20 9 29 43 12 61 22 59 8 15 17 57 37 45 36 6 13 26 19 39 32 47 41 48 33 44 3 31 49 56 23 58 14 10 5 54 16 7 2 25 21 28 11 30 46 53 62 27 63 51 60 0 50 55 35 34 40 24 
15 16 61 53 13 10 42 35 18 36 50 58 38 26 32 8 31 63 5 55 9 21 7 3 39 60 62 14 34 41 44 52 2 47 51 40 43 37 1 49 20 25 54 46 24 29 0 27 30 33 48 6 4 45 57 22 12 56 23 11 17 19 28 59 
10 9 40 3 37 14 32 30 5 57 20 25 12 31 54 15 16 18 52 23 63 22 43 19 45 13 6 50 7 35 38 4 41 56 17 0 21 2 27 34 44 47 55 58 51 39 61 48 11 59 53 36 42 46 33 49 24 26 62 28 8 29 1 60 
24 1 37 29 59 4 14 50 62 47 45 63 5 23 27 17 39 8 58 19 56 16 6 28 0 32 22 46 26 20 25 33 13 41 38 10 15 31 11 61 2 42 9 44 53 3 30 57 51 52 40 43 18 35 54 55 48 21 60 34 7 49 12 36 
53 35 13 0 34 49 33 25 11 4 47 30 3 58 12 21 16 59 28 40 39 56 20 42 43 22 32 19 62 61 57 44 10 29 63 41 45 7 50 24 52 38 17 6 27 18 37 55 48 51 36 8 31 26 46 5 15 9 14 1 2 60 54 23 
10 28 22 51 25 1 8 27 12 41 62 21 54 43 44 61 31 18 11 46 56 15 52 7 13 63 20 39 24 58 57 30 60 5 37 14 32 42 34 0 9 33 35 47 40 2 23 48 4 50 29 6 36 17 53 49 55 16 45 26 59 3 38 19 
52 36 23 35 9 59 62 51 46 32 19 48 61 53 27 17 24 6 26 14 16 3 1 33 42 8 41 5 15 28 30 60 31 29 0 21 20 12 11 45 54 40 37 10 43 63 7 18 47 56 13 4 55 25 38 39 49 34 44 50 2 58 57 22 
23 28 4 57 52 36 33 44 6 25 62 48 45 50 7 15 3 47 20 9 30 61 11 8 56 14 51 58 42 19 18 5 0 26 39 24 34 27 21 55 59 10 37 60 12 35 43 41 31 2 54 46 1 63 16 32 38 13 49 22 53 29 40 17 
39 16 1 29 52 3 6 22 60 41 63 10 9 43 56 58 36 40 27 20 17 19 7 51 55 21 46 42 18 49 28 5 23 13 50 30 2 24 57 61 8 35 32 12 47 54 4 38 53 15 34 45 14 0 11 25 59 44 26 37 48 62 33 31 
6 27 48 19 41 46 60 37 47 56 39 32 49 45 5 11 31 30 7 2 8 34 22 44 23 25 29 43 15 53 20 12 24 3 61 55 36 4 40 28 35 59 16 9 57 50 17 42 62 14 18 21 1 52 33 51 63 58 10 54 13 0 38 26 
25 30 28 47 20 35 42 41 10 32 38 14 11 52 56 57 34 17 31 62 6 26 29 39 27 19 4 21 50 16 48 54 9 24 63 55 23 51 33 45 59 60 40 1 0 43 37 3 61 22 13 49 18 15 58 12 44 7 2 46 8 36 53 5 
21 23 57 58 47 24 27 28 22 25 38 39 53 3 12 55 46 30 40 26 18 32 13 5 43 45 4 15 56 49 61 42 52 31 10 37 1 2 0 50 41 59 8 29 48 9 19 16 35 60 44 14 20 11 17 62 7 34 63 54 33 6 36 51 
30 5 60 53 26 16 55 10 45 17 22 39 34 12 27 11 7 35 25 46 28 51 15 41 20 42 57 61 14 2 40 29 48 59 3 4 58 24 8 47 13 0 50 43 37 9 33 36 54 52 32 31 38 56 21 62 1 49 18 63 44 6 19 23 
34 51 50 60 9 35 30 24 25 48 5 61 0 6 11 39 27 53 18 20 52 42 21 57 17 1 4 7 8 29 12 62 56 63 31 10 54 2 3 13 45 55 26 44 14 36 37 23 28 16 58 19 49 47 40 43 33 38 22 41 32 15 59 46 
40 59 35 7 51 63 17 5 29 20 19 45 10 39 32 54 4 12 3 0 27 30 42 55 57 23 6 43 15 14 18 62 31 50 1 34 9 16 38 24 22 36 26 25 13 46 44 41 33 37 61 21 52 2 47 8 60 56 53 28 49 58 11 48 
18 61 54 59 20 12 46 38 28 39 55 31 8 48 16 9 51 5 52 40 21 37 45 27 14 35 19 4 2 25 63 57 42 11 17 26 13 0 43 36 6 34 24 60 30 23 7 10 3 56 15 49 29 58 1 33 41 62 53 44 50 22 47 32 
0 19 1 59 46 25 6 17 26 4 27 11 37 51 47 35 61 16 23 44 2 63 14 29 53 15 50 22 40 52 12 33 34 55 21 10 18 56 8 31 38 39 28 48 41 62 49 32 36 58 13 3 7 9 20 24 43 54 57 45 30 42 60 5 
21 41 27 31 4 44 40 45 23 32 15 38 8 39 11 1 50 3 62 54 30 60 16 57 26 28 24 22 48 5 20 46 14 10 42 51 13 34 29 56 37 6 55 49 18 19 12 59 58 2 43 53 33 0 63 25 7 35 36 9 17 47 52 61 
50 11 28 27 41 56 39 17 38 40 63 4 32 25 21 44 18 58 7 29 22 8 20 3 48 47 30 54 62 49 33 36 46 9 10 2 35 51 0 60 31 52 34 15 45 26 37 14 13 59 23 53 43 42 55 1 61 24 19 12 6 57 5 16 
32 9 56 18 19 41 43 39 63 46 31 53 0 36 20 38 55 25 54 45 47 28 49 24 17 2 48 6 13 35 59 50 15 29 22 26 11 30 37 34 7 40 27 21 3 5 8 1 51 23 52 42 12 60 62 61 57 4 10 16 44 58 14 33 
34 28 8 63 30 31 39 6 38 29 2 57 14 24 23 0 59 1 33 26 53 56 55 19 40 25 12 54 32 58 61 10 50 41 52 60 4 22 46 3 51 18 43 5 13 48 45 37 35 27 49 42 20 47 17 9 21 7 62 44 16 11 15 36 
63 33 15 44 57 55 54 50 51 25 12 16 48 14 45 3 58 17 52 35 0 18 40 56 39 38 43 62 53 20 49 36 60 9 37 2 32 13 31 4 34 46 5 24 6 47 26 21 1 19 41 11 59 10 28 30 29 8 22 61 27 42 23 7 
0 55 16 42 28 24 1 21 23 34 32 56 46 59 17 35 22 9 54 51 10 19 15 13 7 3 61 11 53 36 40 26 62 45 31 57 50 47 14 39 44 20 49 2 27 60 18 33 25 5 52 12 48 38 58 6 29 37 30 63 43 4 41 8 
47 63 35 53 43 26 10 20 39 1 25 40 32 3 33 30 45 41 2 8 7 59 34 58 50 51 27 6 60 42 4 17 13 48 18 12 37 29 23 49 46 44 15 9 21 52 38 36 28 5 54 0 56 55 24 57 19 61 14 62 16 31 11 22 
40 8 44 3 42 43 56 55 61 0 13 17 34 32 14 27 10 18 47 24 1 46 28 9 53 29 15 33 60 4 50 52 39 37 7 22 2 30 45 26 5 12 20 41 23 21 57 51 59 31 16 48 38 58 6 19 36 63 62 35 11 25 54 49 
24 26 14 62 59 1 48 49 8 51 52 47 23 18 29 7 11 31 38 28 56 0 16 10 30 34 44 22 17 63 42 40 3 33 53 37 58 6 9 27 32 35 4 15 21 20 46 60 39 36 45 19 61 5 25 13 55 54 43 57 12 41 2 50 
31 42 55 46 13 39 36 1 60 3 59 44 34 27 6 50 30 41 35 16 20 63 38 43 9 7 17 52 61 62 53 54 45 19 10 47 8 4 14 51 11 25 26 57 28 2 29 23 37 58 40 24 0 22 15 18 5 56 12 33 21 32 48 49 
