22 59 17 45 46 36 8 57 62 18 27 37 3 60 52 5 19 24 40 14 11 53 32 25 61 23 39 10 54 16 2 9 13 20 42 33 0 49 1 12 41 7 47 21 29 26 6 63 35 56 44 38 30 48 28 31 34 58 4 15 51 50 43 55 
58 44 19 24 13 23 43 7 26 31 4 40 50 34 21 38 36 6 60 55 3 15 22 42 33 20 41 17 1 46 59 51 28 32 10 29 47 5 25 12 45 14 0 56 54 48 61 63 49 18 11 35 57 52 16 2 30 8 53 62 9 27 37 39 
7 10 31 52 42 26 3 11 25 48 59 43 20 28 44 53 29 46 36 24 39 40 8 51 61 30 49 2 33 14 9 0 60 62 34 57 55 17 54 41 35 13 21 56 63 19 32 37 50 47 45 18 23 5 4 15 58 22 6 16 38 1 12 27 
56 35 30 39 21 32 44 43 55 59 52 61 54 1 33 49 11 12 60 13 25 40 24 36 27 19 0 42 15 38 23 9 34 62 7 29 2 45 57 47 48 31 20 46 37 41 18 51 63 53 14 3 22 26 8 10 6 17 50 28 5 58 16 4 
15 56 45 47 60 12 37 49 53 32 43 22 20 50 21 62 10 14 28 5 30 11 13 24 48 1 4 7 0 6 42 38 18 63 3 46 8 19 16 27 58 17 9 44 26 55 35 52 59 61 25 36 39 29 33 40 31 54 41 51 2 57 34 23 
25 39 19 57 52 47 46 11 20 0 54 37 9 26 63 61 10 60 59 56 8 51 17 12 45 28 3 41 49 29 2 5 33 4 38 16 1 21 24 58 48 22 18 23 40 27 14 7 43 44 15 35 62 53 13 42 55 30 34 31 6 50 32 36 
21 24 62 45 37 30 4 22 1 8 13 33 48 12 6 11 40 32 60 35 3 58 59 46 29 10 0 19 55 2 39 52 63 43 42 47 34 23 31 44 28 61 56 49 20 51 7 25 53 50 17 36 27 14 9 15 38 41 54 16 57 5 26 18 
47 60 53 10 2 16 54 1 27 12 40 56 14 42 45 11 48 46 33 50 0 8 9 36 6 26 23 24 7 19 25 34 51 63 57 13 49 28 3 18 32 52 17 30 43 37 62 22 15 38 5 31 29 59 21 4 44 20 39 61 35 58 41 55 
2 54 13 36 63 56 25 3 14 23 55 51 24 52 28 62 21 12 22 39 0 1 61 7 49 35 46 34 15 57 29 32 10 30 38 27 48 19 18 26 43 42 45 41 16 50 53 58 6 60 17 20 5 47 31 44 40 4 8 11 9 59 33 37 
52 21 63 12 55 47 14 10 59 44 56 42 3 23 45 41 37 29 7 8 60 43 49 31 19 22 27 33 2 16 20 36 6 40 26 54 50 4 46 30 58 34 53 5 17 38 13 48 57 24 32 35 1 61 62 15 39 28 11 9 51 0 25 18 
6 46 59 57 61 41 47 44 56 53 54 8 3 48 60 13 51 26 2 36 30 58 52 10 38 40 19 37 14 16 18 42 62 45 29 31 22 35 9 11 12 25 33 1 28 43 24 49 32 23 50 63 5 17 39 55 20 34 27 15 7 21 0 4 
36 56 58 40 49 14 1 15 5 35 53 50 18 24 6 47 9 48 11 59 21 57 43 33 39 34 20 7 37 16 46 61 31 55 51 10 4 13 26 29 25 44 63 12 28 32 27 8 22 30 3 42 0 45 41 62 19 54 38 2 17 23 52 60 
19 22 5 2 31 60 36 39 28 51 61 29 0 30 32 53 24 56 48 37 38 44 4 34 23 1 41 47 42 18 57 17 13 63 11 40 16 62 20 49 12 6 14 3 21 26 46 55 33 50 7 54 58 45 25 9 35 8 15 52 59 27 43 10 
2 21 26 63 39 27 57 18 11 56 0 3 25 37 4 20 17 48 24 40 6 34 44 59 30 15 32 49 36 29 19 45 62 50 42 10 58 28 60 23 51 8 46 52 61 53 14 38 33 12 5 22 41 31 43 55 13 35 16 54 7 47 9 1 
7 9 55 61 40 33 54 44 30 59 57 48 37 45 12 60 52 35 32 50 25 42 6 43 63 38 24 18 34 21 62 41 39 47 46 15 51 16 13 2 14 17 20 58 3 11 0 4 53 28 5 36 23 1 10 49 56 8 29 27 31 26 19 22 
58 62 23 17 3 36 41 60 12 51 45 30 31 18 2 10 27 33 54 61 37 47 38 44 11 9 21 20 34 13 42 57 43 26 29 25 40 39 32 56 22 59 53 5 4 46 15 0 19 6 28 24 1 14 50 49 63 55 7 35 48 8 52 16 
9 20 33 35 14 39 0 61 27 48 21 42 16 29 37 11 36 52 12 25 23 59 15 26 18 45 62 31 44 10 17 1 19 28 49 40 2 63 22 30 6 3 5 57 13 34 32 41 24 51 38 54 50 8 60 53 43 46 56 55 58 7 47 4 
46 34 24 54 17 12 22 28 32 40 5 6 43 49 45 0 30 48 26 3 31 53 63 1 27 4 10 11 62 15 7 8 55 52 42 9 57 59 25 16 20 58 61 21 37 44 13 33 38 23 60 47 51 41 18 29 14 39 19 50 56 36 35 2 
2 31 57 13 24 18 7 47 17 14 25 34 60 59 11 61 12 50 22 63 56 37 4 33 46 10 44 21 27 1 49 6 20 9 52 3 58 5 32 39 45 36 29 62 19 0 51 30 54 15 26 8 48 16 35 40 53 41 55 42 38 43 23 28 
16 43 54 42 0 30 25 20 10 39 9 36 61 52 33 14 23 2 32 21 55 7 13 58 26 40 44 31 3 29 50 12 6 24 28 63 34 27 4 41 46 47 1 17 15 62 59 18 38 51 45 60 53 57 35 48 37 5 19 49 22 8 56 11 
34 20 59 0 52 61 40 3 13 42 45 18 36 50 53 23 30 55 16 4 28 43 26 37 9 8 58 6 56 47 10 29 1 38 51 46 14 57 19 48 44 12 54 22 24 63 49 27 7 41 35 31 11 33 2 21 25 39 17 60 32 15 62 5 
53 63 1 14 29 60 43 37 21 33 32 58 39 31 42 34 61 45 56 55 7 28 19 22 59 9 38 49 12 16 30 24 40 36 18 26 17 4 20 57 23 54 11 51 41 52 48 50 62 0 46 8 3 5 35 47 2 44 13 6 10 25 15 27 
59 43 51 1 21 11 3 63 61 48 32 44 36 23 25 9 12 57 2 41 31 42 52 13 16 30 39 38 22 34 60 45 35 49 14 7 19 55 29 37 8 10 46 33 18 6 0 15 4 56 5 17 20 54 58 62 50 47 40 26 24 28 27 53 
39 34 3 25 29 47 11 42 36 38 2 55 43 37 20 0 22 56 28 4 18 49 7 23 41 27 60 19 45 26 5 57 14 31 8 17 53 44 46 9 24 50 1 59 52 32 6 12 10 13 48 21 16 62 61 35 58 33 30 15 40 63 51 54 
49 8 28 11 42 54 9 29 43 16 35 20 53 21 1 38 41 61 22 56 63 57 10 25 23 59 52 13 37 31 17 26 2 51 58 6 12 34 40 55 14 50 48 32 44 60 45 46 24 7 33 39 4 62 47 27 3 30 5 15 19 0 36 18 
6 42 48 57 61 5 36 16 32 38 29 13 31 40 26 44 27 8 37 39 2 59 12 17 25 46 19 28 14 20 34 10 60 9 56 1 33 45 58 52 49 24 11 30 62 35 47 15 21 23 55 63 43 51 50 18 53 3 22 41 0 4 7 54 
36 10 55 5 16 60 34 49 51 31 48 0 4 39 41 57 43 45 38 52 61 8 12 42 44 3 24 22 17 47 19 6 21 58 46 37 54 2 9 30 26 63 33 40 50 29 28 32 14 53 35 11 27 18 56 25 23 1 20 15 59 7 62 13 
17 23 3 53 49 55 37 11 57 58 6 41 28 26 8 56 45 46 32 5 60 22 59 36 14 13 9 27 7 38 47 44 16 35 4 40 15 42 31 39 48 18 62 20 24 21 51 0 2 34 61 25 43 50 19 63 1 10 54 12 33 29 30 52 
39 9 38 49 27 47 41 11 4 10 2 46 35 14 26 57 8 37 31 60 53 63 1 50 55 44 45 61 0 18 5 51 34 52 23 33 42 19 56 40 24 25 59 17 12 22 54 3 36 30 13 58 28 16 32 15 62 48 29 21 7 20 6 43 
1 13 49 23 33 3 10 30 25 37 57 6 41 7 16 58 29 31 19 61 62 48 43 53 27 9 15 63 22 11 51 26 0 24 47 52 45 28 35 36 55 5 8 34 14 20 38 21 32 46 18 40 50 4 2 59 42 39 56 44 60 12 54 17 
4 18 44 57 14 33 39 10 32 53 40 45 51 13 48 38 23 7 61 47 12 8 29 1 22 26 55 63 59 20 24 15 0 50 56 11 6 52 21 34 43 49 58 54 5 9 27 46 42 17 16 60 19 62 25 31 41 3 30 35 36 28 37 2 
39 9 6 22 63 43 36 47 24 49 25 53 1 8 14 26 51 4 21 46 16 20 3 54 10 56 31 58 30 7 59 28 11 48 27 40 42 50 34 38 13 32 33 60 52 35 2 19 29 62 44 15 45 17 12 57 0 61 37 18 23 41 5 55 
37 47 50 59 24 4 34 19 17 13 14 48 7 63 20 12 45 28 10 2 62 57 25 44 23 16 15 38 39 60 46 33 1 21 42 53 5 18 0 29 52 43 30 55 36 56 27 3 35 31 32 11 22 49 61 6 8 26 41 51 40 9 58 54 
20 34 11 3 44 51 13 33 45 30 27 39 14 8 41 16 42 26 63 36 35 5 47 55 61 43 1 23 46 21 9 12 10 48 29 53 28 25 22 40 17 49 56 57 31 6 32 50 58 60 24 59 19 15 7 4 0 38 2 37 54 52 18 62 
33 52 48 18 30 15 46 40 35 41 38 55 29 14 62 17 31 20 12 13 57 24 1 37 11 42 25 6 58 2 39 60 0 63 44 56 23 61 54 16 43 27 5 59 3 32 21 49 26 4 45 7 10 50 19 36 51 8 53 34 9 47 22 28 
22 1 9 47 54 41 43 2 23 57 33 63 60 42 27 11 36 61 19 15 12 56 24 8 62 59 25 44 29 40 20 5 28 38 18 16 48 55 34 17 32 52 51 46 31 10 49 53 13 26 37 3 4 6 0 58 30 50 45 21 7 14 39 35 
43 18 40 53 13 60 0 47 28 20 32 17 49 38 57 25 34 59 62 16 51 30 41 52 61 2 5 50 31 39 36 35 23 56 58 27 26 44 37 45 33 14 63 29 15 3 4 24 10 42 22 54 46 9 6 1 12 19 55 21 8 48 11 7 
59 51 9 57 62 32 25 3 55 49 47 37 10 12 61 1 31 28 48 15 50 46 34 54 4 41 56 5 36 33 11 52 13 45 35 38 7 29 60 26 44 40 23 42 58 8 43 27 30 17 63 39 0 21 24 53 16 14 22 18 2 6 19 20 
4 9 34 14 23 2 28 49 53 15 6 61 47 5 17 56 32 26 21 27 3 45 43 51 60 25 54 40 38 36 33 0 10 22 11 18 7 30 44 39 8 59 1 62 46 12 13 41 52 24 37 58 20 50 35 48 31 63 57 19 29 16 55 42 
6 36 58 22 23 7 18 12 60 0 40 5 33 25 57 47 51 26 48 43 55 14 17 59 61 27 50 10 28 8 13 11 35 41 30 34 38 31 21 1 56 63 53 32 39 37 44 24 52 49 20 42 2 9 4 45 3 54 46 62 19 29 15 16 
54 1 47 37 56 17 59 9 48 55 29 44 41 8 6 11 49 39 51 35 30 52 25 14 13 53 20 18 21 38 26 34 61 12 10 2 57 24 3 28 58 36 46 42 23 31 5 43 7 4 50 32 40 63 62 22 27 19 33 60 45 0 16 15 
41 60 47 4 43 52 12 26 28 5 49 39 2 42 57 56 38 46 16 54 34 58 62 45 29 9 59 48 37 55 31 8 0 44 33 6 19 24 30 21 27 61 25 40 32 18 15 51 50 36 11 3 10 14 13 1 7 53 22 35 17 23 20 63 
39 53 31 19 12 26 32 48 6 38 16 33 49 36 22 20 9 30 23 50 57 13 7 37 24 11 3 21 28 63 18 25 45 29 44 51 43 47 55 5 34 40 27 62 35 0 2 4 54 42 17 59 58 56 8 1 14 52 60 61 46 15 10 41 
24 62 8 42 51 54 4 11 22 0 16 41 45 38 26 18 32 2 57 39 29 25 6 20 27 31 58 5 63 50 37 35 17 1 21 13 28 12 14 53 30 55 7 46 40 33 56 47 19 48 49 52 15 59 23 34 60 10 3 43 44 9 61 36 
46 7 28 47 51 30 34 54 11 10 5 31 32 29 27 50 40 2 52 18 12 16 26 23 59 24 56 33 21 17 53 1 39 55 60 44 63 20 9 14 37 38 36 3 42 8 62 57 15 45 22 48 25 61 13 6 4 19 58 35 43 49 0 41 
37 43 58 30 46 16 14 8 40 13 3 29 12 54 6 34 21 20 51 31 61 41 11 48 18 42 25 23 60 15 49 59 33 2 5 4 39 0 22 55 52 62 24 26 47 36 19 9 32 57 50 27 63 53 7 56 45 10 38 17 44 1 28 35 
41 53 24 7 32 20 49 35 29 58 13 52 26 6 22 27 30 59 39 17 12 48 61 51 63 45 56 44 57 15 18 36 60 14 55 11 37 28 8 31 25 3 54 23 4 47 0 34 62 38 43 33 10 1 2 50 46 5 19 42 40 9 21 16 
38 6 51 12 22 57 42 59 5 34 16 40 9 61 60 28 7 8 54 41 10 50 31 25 44 19 0 49 35 53 45 21 3 62 39 33 1 46 55 23 11 4 24 18 30 48 2 56 58 29 14 20 63 36 27 17 13 15 52 37 26 47 43 32 
39 15 30 13 28 11 31 45 17 44 53 0 24 18 9 60 42 58 46 26 23 51 43 54 62 7 59 38 3 2 49 16 37 48 56 32 63 8 29 34 61 55 52 19 47 35 50 10 22 5 20 21 1 41 14 27 25 33 4 57 40 12 6 36 
29 61 39 57 0 33 17 50 19 34 9 31 14 27 28 5 40 24 45 6 16 21 22 25 7 10 52 42 3 15 60 11 2 44 20 4 36 55 41 59 8 46 63 37 26 51 30 49 48 58 18 43 32 35 38 56 47 62 1 53 12 23 54 13 
26 22 38 29 52 46 49 3 45 62 8 37 16 61 54 15 2 32 20 63 31 9 28 33 4 55 59 6 18 7 13 43 47 60 21 23 19 41 39 25 48 34 36 1 57 10 30 51 35 44 50 24 12 42 27 56 14 17 11 5 53 58 40 0 
36 58 37 17 50 21 10 63 54 51 16 47 27 41 60 61 59 43 13 0 14 35 24 46 18 15 11 49 48 6 28 22 45 23 55 34 62 20 30 25 12 4 40 42 26 5 19 52 38 1 31 29 8 3 32 56 33 39 2 53 9 44 7 57 
4 10 11 60 54 18 15 22 57 25 20 2 7 55 24 52 26 36 9 0 63 46 50 31 27 13 62 17 42 6 59 29 39 38 41 61 32 23 53 51 1 30 16 48 43 19 28 49 5 45 21 40 56 12 47 33 35 58 14 44 8 3 37 34 
34 59 33 16 15 30 0 25 44 53 17 11 6 22 35 9 24 23 8 26 1 45 2 41 52 62 40 13 10 50 14 28 63 60 57 3 51 18 31 54 56 4 43 32 21 29 58 36 48 27 20 38 5 7 55 37 47 39 61 19 46 42 12 49 
29 9 42 12 4 47 36 23 59 61 8 51 3 16 34 45 53 25 5 17 2 35 10 31 7 63 49 14 57 24 20 28 18 1 50 27 55 58 13 46 22 21 39 41 26 0 32 6 37 38 48 40 56 54 62 11 60 15 19 33 44 43 30 52 
16 29 14 35 28 56 62 8 4 51 63 34 17 43 23 22 41 11 24 19 60 47 54 45 21 33 31 52 58 7 55 26 30 53 50 10 40 39 57 42 44 18 15 59 36 3 49 46 20 0 2 48 37 38 61 6 27 13 32 25 5 9 12 1 
1 31 35 46 57 5 6 8 34 40 11 49 62 12 52 47 26 20 38 45 55 13 29 37 22 2 23 53 54 27 42 61 25 15 9 44 0 24 39 56 10 43 7 17 32 50 16 63 21 30 51 28 14 48 58 41 19 60 36 18 33 3 4 59 
5 57 22 16 26 50 52 60 44 47 35 3 25 32 17 7 28 15 0 54 30 20 36 27 49 45 46 10 42 56 13 41 55 58 59 29 61 62 51 12 19 34 63 24 21 53 18 37 14 9 1 38 8 6 43 33 39 31 2 48 23 11 4 40 
46 22 56 55 58 29 21 51 57 54 1 59 39 7 42 41 43 27 6 63 4 20 52 28 26 14 40 61 9 10 33 24 23 34 48 16 49 15 37 60 53 36 5 30 31 12 8 19 13 17 47 38 62 44 2 32 0 11 45 25 35 50 18 3 
44 37 61 30 49 7 9 38 20 43 56 11 19 24 14 34 41 31 63 5 50 12 4 3 26 42 58 8 18 55 48 57 35 23 53 17 52 39 45 15 25 54 32 28 2 60 51 46 1 40 27 22 59 29 36 13 6 33 21 0 16 62 47 10 
0 18 62 6 56 50 4 1 32 47 44 42 63 15 8 21 36 38 7 30 40 57 31 17 60 39 16 54 9 49 61 34 27 13 55 26 11 46 14 10 51 37 24 12 20 58 48 25 52 19 53 23 2 5 59 3 22 35 41 45 33 43 29 28 
48 63 39 40 36 38 54 52 28 41 34 7 29 60 1 20 57 21 58 14 43 53 49 3 44 56 6 42 10 16 30 47 2 25 12 62 55 13 19 37 61 33 18 45 0 9 27 32 59 5 31 11 4 24 46 50 23 8 17 51 15 35 26 22 
12 47 36 23 55 30 4 43 27 15 25 49 37 51 40 29 24 42 2 3 14 52 33 46 60 32 1 35 26 18 5 7 19 31 21 62 57 0 9 45 56 6 54 48 38 28 10 53 63 58 22 13 8 59 50 17 20 11 61 44 34 16 41 39 
13 6 28 52 23 51 45 48 62 2 35 38 26 58 18 54 59 63 24 31 55 22 15 56 25 29 53 14 57 10 11 34 21 12 39 30 43 5 3 0 1 4 8 16 46 27 41 19 17 42 33 44 47 40 7 37 32 20 60 36 9 50 49 61 
60 41 50 21 37 61 6 42 51 43 2 1 48 45 13 52 26 19 12 38 59 4 5 49 16 10 54 57 15 11 3 23 32 35 47 55 17 31 18 22 44 46 53 36 28 40 39 14 27 58 63 56 34 24 20 30 33 8 7 0 29 25 62 9 
62 27 23 26 38 20 7 39 14 51 37 32 47 49 9 22 36 13 11 21 28 6 55 4 48 63 53 0 60 43 19 35 24 17 18 16 56 8 45 12 57 10 30 42 41 1 34 33 31 61 50 15 54 5 46 52 59 44 25 3 40 58 29 2 
12 26 14 16 30 36 47 38 58 23 57 21 40 54 7 6 56 19 25 4 35 60 2 28 1 5 63 52 27 62 61 51 34 43 8 59 10 49 41 29 22 20 9 33 45 18 48 24 50 13 55 46 0 32 31 3 42 39 44 17 11 15 53 37 
5 48 61 24 33 16 43 21 26 45 62 34 42 27 56 7 22 11 53 29 50 6 49 31 52 32 28 57 23 12 63 54 25 30 2 46 19 37 18 47 41 39 40 38 15 17 3 60 4 36 9 14 13 20 59 55 0 44 10 1 8 58 35 51 
10 30 55 29 13 8 39 5 62 50 27 3 21 44 48 57 19 20 22 35 12 6 38 42 26 4 18 53 41 31 56 49 45 51 32 33 28 25 11 37 52 17 60 1 14 58 34 54 7 2 23 46 63 9 15 40 16 24 36 59 61 0 47 43 
40 42 17 10 7 5 25 38 14 35 57 16 63 29 53 11 31 44 1 41 9 61 23 27 12 50 4 43 24 52 36 60 15 56 48 8 32 49 45 20 33 54 47 0 62 21 19 39 51 28 37 13 2 30 59 55 18 3 46 6 22 26 58 34 
10 26 1 59 46 35 7 5 61 43 13 22 30 16 9 32 8 58 19 41 57 63 14 3 4 36 62 47 21 60 37 55 18 33 2 50 6 25 53 48 49 23 28 11 27 34 17 44 12 42 45 56 29 51 52 0 39 20 24 31 40 54 15 38 
11 56 36 61 6 20 25 41 18 1 23 19 17 53 34 58 7 0 48 52 30 31 44 43 51 45 50 10 28 54 16 46 60 49 5 38 3 4 2 37 15 27 13 63 62 9 39 59 42 29 12 22 14 24 47 35 26 32 21 8 57 33 55 40 
18 28 32 6 26 21 51 23 33 22 44 52 46 61 12 60 4 19 35 41 30 17 58 13 59 54 37 43 7 31 1 0 5 25 56 27 10 2 63 24 11 48 50 20 8 3 45 16 53 9 55 47 49 38 42 40 15 36 39 57 62 14 29 34 
59 50 61 58 29 21 54 37 18 17 51 31 15 49 63 4 24 20 36 22 14 6 41 10 55 45 8 34 43 52 38 16 56 62 42 32 7 25 30 60 39 2 35 5 13 27 57 44 1 0 12 33 9 47 3 11 48 26 46 53 28 19 23 40 
11 10 39 51 17 37 22 43 30 28 15 32 60 63 31 56 45 0 7 33 5 40 57 61 42 35 47 3 13 48 19 46 59 44 23 16 55 62 4 50 8 38 54 27 1 34 25 52 29 20 12 6 58 2 14 18 53 41 21 24 9 36 49 26 
18 21 58 52 57 2 12 41 23 50 30 14 15 13 1 31 42 8 32 53 48 4 45 37 25 24 40 38 10 63 3 54 39 22 46 43 26 11 20 34 51 0 7 9 35 47 59 60 28 6 5 27 55 56 49 62 36 17 16 61 19 44 29 33 
42 7 22 40 31 33 27 35 63 32 21 30 41 8 11 18 58 60 59 28 9 0 19 36 2 43 50 26 29 56 55 15 53 1 62 10 20 24 39 49 4 5 12 16 48 34 51 61 13 44 14 46 25 54 37 57 17 45 3 47 6 23 52 38 
54 23 27 7 8 41 10 13 0 30 16 62 47 12 21 14 19 22 1 39 43 37 24 5 20 55 25 3 2 63 34 9 33 35 48 57 15 51 52 58 46 49 36 59 29 42 53 38 28 4 40 18 60 45 17 50 44 11 56 26 61 32 31 6 
38 27 48 63 29 20 39 54 34 3 37 28 14 41 33 13 6 17 60 10 30 24 11 50 57 1 15 7 43 25 62 49 31 51 16 52 2 58 23 26 35 12 59 32 9 5 19 4 0 8 21 53 44 40 46 45 18 22 56 42 36 55 61 47 
18 7 56 39 10 62 61 0 49 33 55 51 48 26 45 13 8 16 35 36 44 25 11 31 59 34 17 19 5 23 28 43 22 63 9 46 30 41 3 2 20 53 57 38 12 14 37 40 54 21 58 6 50 24 60 1 42 15 29 27 52 32 4 47 
33 22 24 30 26 51 49 11 47 31 44 41 16 54 32 4 36 45 17 18 37 29 7 9 10 25 57 38 3 28 15 6 2 55 19 27 13 58 46 43 20 34 59 60 61 1 50 52 39 23 12 42 8 48 40 5 62 53 0 35 63 14 56 21 
57 30 49 38 42 41 58 12 53 17 37 35 46 45 62 18 2 29 34 11 19 4 47 9 23 10 44 22 24 6 16 32 20 63 26 51 54 50 8 1 27 48 33 7 31 0 21 25 60 39 55 36 15 52 14 56 13 5 40 43 61 3 59 28 
0 11 54 60 3 24 18 36 25 42 27 13 39 46 50 12 32 44 61 10 22 9 28 45 23 17 33 57 6 51 14 2 16 30 31 41 59 52 37 1 29 26 38 40 4 63 7 55 56 15 43 53 48 34 49 47 20 58 62 35 21 19 8 5 
9 30 1 37 60 32 43 18 55 45 49 50 28 12 35 22 5 13 40 38 47 57 21 4 3 31 6 25 10 0 53 24 56 59 11 7 14 54 15 2 36 26 33 8 17 41 46 62 23 16 58 19 42 27 34 39 63 29 44 52 51 20 61 48 
26 58 2 34 5 7 50 19 53 41 48 35 37 47 16 54 9 21 40 55 3 27 44 30 56 28 38 23 4 11 39 52 31 0 29 57 45 63 49 15 20 14 61 13 51 43 10 18 24 12 62 59 8 17 6 60 36 25 32 22 1 33 42 46 
39 2 26 12 50 57 43 51 52 16 10 31 35 18 63 59 45 6 49 46 9 3 48 11 5 60 19 21 34 36 8 54 1 7 40 33 14 53 13 23 62 42 61 58 37 4 0 22 28 27 44 56 25 20 41 17 47 24 32 29 15 38 30 55 
20 45 2 24 8 15 36 22 31 29 4 25 42 56 44 38 43 50 11 33 62 28 63 14 1 61 21 39 41 49 48 34 55 9 10 37 7 5 12 17 6 13 51 30 27 60 35 19 16 58 3 47 32 40 59 53 46 52 0 54 18 23 57 26 
39 58 35 48 30 3 60 5 61 12 44 22 36 6 9 51 55 28 26 62 45 24 11 31 19 46 25 23 50 43 17 1 56 2 27 8 21 49 18 40 7 63 42 33 41 37 16 59 53 52 57 34 4 13 0 54 20 29 14 32 10 38 15 47 
53 38 25 26 59 24 52 55 22 20 58 41 35 16 37 3 7 13 50 1 10 28 18 44 11 57 61 9 5 45 49 29 32 23 19 12 4 0 39 21 51 6 36 62 48 30 31 27 33 15 60 34 63 42 40 43 56 54 14 2 17 46 47 8 
11 21 23 26 42 34 48 27 7 40 25 3 19 43 58 61 17 6 24 39 13 62 59 8 4 51 35 5 45 50 63 18 53 15 52 22 55 9 33 29 57 60 0 14 30 49 32 28 41 54 36 16 10 20 56 12 46 1 37 44 2 47 31 38 
23 60 49 1 30 40 25 14 5 10 43 42 59 8 18 13 22 15 11 52 39 19 3 61 31 57 45 63 50 35 2 38 28 9 7 44 16 37 0 27 54 48 4 20 51 47 33 53 12 32 6 46 36 55 21 41 29 62 34 17 56 58 26 24 
32 33 20 4 5 55 61 57 9 62 36 12 42 35 48 43 13 23 25 31 27 40 46 41 58 60 53 11 6 15 52 63 56 50 34 54 10 59 17 3 51 24 14 19 38 30 22 26 37 49 16 47 1 21 29 39 18 2 7 28 0 45 44 8 
7 29 31 57 58 38 10 21 3 13 43 18 9 56 22 17 35 34 1 54 4 44 40 28 49 63 62 20 60 16 5 6 42 46 12 36 2 19 50 59 30 14 55 52 47 45 11 0 25 26 32 23 41 48 15 33 61 37 24 53 51 8 39 27 
25 43 10 26 17 42 15 1 55 31 62 16 59 6 44 23 36 32 14 19 27 9 34 21 40 24 2 53 28 0 13 39 12 50 48 38 29 60 54 51 5 8 20 63 52 3 58 49 30 35 41 56 18 11 33 47 4 61 57 22 37 46 45 7 
54 20 44 61 45 26 0 52 21 42 50 25 35 46 27 36 1 49 51 53 31 22 33 4 34 60 13 12 41 43 55 30 14 39 57 40 7 6 38 29 5 63 16 15 9 17 56 59 47 8 23 3 11 28 24 62 18 48 2 37 58 10 19 32 
43 48 1 31 4 6 26 3 13 11 50 14 52 12 7 49 18 63 60 41 54 55 19 22 46 25 2 58 40 10 15 27 29 32 53 35 42 51 9 23 8 45 47 21 44 0 30 57 20 16 33 37 38 61 56 28 24 17 39 62 5 59 36 34 
55 25 19 54 12 58 15 35 29 0 18 32 26 44 39 22 6 45 51 34 53 7 14 5 60 33 61 42 50 62 16 37 1 3 11 28 48 38 46 13 63 23 43 36 17 57 47 31 56 20 8 2 59 30 9 24 27 10 40 49 41 21 4 52 
49 48 41 17 22 63 11 60 26 34 19 20 40 32 13 59 62 0 6 1 28 27 30 2 14 9 52 16 35 18 4 36 37 45 21 46 23 47 50 25 57 39 53 43 12 29 38 7 10 31 3 24 61 15 42 33 44 56 51 54 58 55 8 5 
48 38 22 62 14 54 37 16 26 9 5 34 7 33 10 39 6 27 18 31 47 8 15 51 40 63 3 1 13 53 20 11 49 21 32 45 4 44 41 52 46 24 60 42 35 43 56 17 57 50 58 55 30 36 12 2 23 28 61 19 59 0 25 29 
37 23 61 10 7 34 3 53 9 40 49 28 55 51 20 15 35 16 0 24 8 1 42 50 46 29 41 60 63 18 31 38 45 33 5 12 2 4 47 57 48 43 26 21 52 25 19 59 27 30 13 54 14 44 32 36 11 58 39 62 56 22 17 6 
22 14 30 56 58 51 5 50 46 16 36 27 12 43 42 44 24 28 7 38 1 9 54 59 55 49 40 0 23 39 17 4 34 13 20 25 47 45 35 26 21 63 6 15 53 32 29 41 61 18 57 62 60 48 8 33 2 11 31 52 19 3 37 10 
25 57 61 53 51 56 22 38 44 46 52 0 48 19 4 21 34 49 42 23 55 16 10 7 5 3 32 63 14 12 2 13 45 39 28 33 58 31 40 8 26 50 54 35 60 41 36 37 17 24 18 11 20 6 27 9 30 15 47 1 43 62 59 29 
30 2 1 48 12 49 3 56 14 32 53 45 62 4 36 42 51 58 47 29 57 28 61 7 35 43 20 16 37 39 55 54 26 19 31 59 9 22 27 18 34 60 38 10 33 15 23 50 0 25 11 52 17 13 8 24 46 6 63 44 40 5 21 41 
7 25 29 24 3 1 63 28 57 8 21 46 55 0 9 50 53 33 2 37 23 34 14 19 6 59 5 38 11 39 16 31 27 42 30 36 56 60 18 47 61 62 51 22 13 35 43 40 49 10 26 54 32 48 15 17 44 20 45 52 41 4 12 58 
60 59 42 13 2 51 33 7 57 38 0 27 52 44 1 37 61 3 32 54 15 45 34 22 56 58 21 14 49 23 28 47 6 26 4 29 53 24 8 63 35 46 31 20 55 19 43 30 48 39 10 40 25 9 50 62 16 18 12 17 36 41 11 5 
6 51 48 29 26 1 36 38 15 54 8 50 5 30 7 20 0 56 28 10 19 22 39 49 40 55 52 47 63 57 35 23 17 60 43 58 2 18 27 24 4 25 53 21 3 45 11 42 62 61 33 59 9 16 37 13 32 34 46 14 41 44 31 12 
14 10 32 44 16 56 55 7 33 36 25 49 47 13 40 22 61 39 60 48 38 62 57 6 41 59 50 3 28 1 12 43 45 34 58 8 63 23 17 54 4 5 52 15 26 24 27 42 9 51 30 19 29 37 53 11 18 21 0 20 46 31 2 35 
15 39 25 62 16 14 40 13 50 53 4 1 0 17 36 5 11 28 46 22 2 18 3 41 56 9 10 27 30 31 44 58 21 47 19 63 33 59 20 34 60 45 54 57 61 37 48 8 12 38 42 6 24 51 23 35 55 32 26 52 29 7 43 49 
42 44 9 53 22 55 58 31 30 15 4 57 13 39 8 12 50 40 2 56 10 54 60 18 5 46 27 16 32 21 38 17 49 36 7 23 28 61 20 14 59 43 48 34 62 0 37 45 51 25 26 11 19 29 1 24 33 52 6 35 47 41 63 3 
30 12 19 60 54 23 57 50 33 62 44 17 55 52 27 28 59 43 34 48 37 63 35 58 56 29 26 39 47 6 4 14 5 53 42 16 0 2 21 22 49 20 3 41 11 15 40 18 9 24 1 36 45 46 31 8 10 61 7 32 13 25 38 51 
59 49 48 1 15 16 60 30 52 43 29 55 23 2 27 6 8 22 46 14 41 20 28 47 53 37 39 12 56 42 51 62 40 57 33 38 50 4 10 35 11 44 0 19 17 24 58 26 45 25 21 34 5 31 13 32 63 36 7 54 3 9 61 18 
18 38 50 52 58 13 20 44 10 47 55 42 26 28 15 63 8 16 62 45 11 4 56 54 14 2 25 53 31 5 46 37 6 21 24 41 22 39 17 35 34 3 32 0 30 19 7 51 12 29 60 57 33 27 49 23 48 43 40 9 36 1 61 59 
33 13 61 0 50 31 36 29 17 7 27 3 1 34 52 56 38 45 39 40 10 12 63 57 54 22 62 14 6 32 30 53 59 44 43 49 5 8 47 46 28 21 9 18 4 41 60 26 35 58 2 11 51 48 15 24 20 25 16 19 37 42 23 55 
12 35 47 5 2 63 32 38 7 59 23 58 9 36 48 41 18 0 50 10 40 19 37 57 13 55 17 31 52 29 30 28 15 33 25 21 24 53 34 44 60 42 46 39 54 8 20 62 14 16 3 61 43 49 1 4 51 26 27 22 6 45 56 11 
21 1 8 63 41 45 5 50 34 59 39 16 13 11 37 54 27 18 42 40 29 35 22 23 44 17 57 43 3 24 51 14 2 52 56 26 19 31 20 61 0 47 62 46 15 12 25 49 6 36 30 48 33 53 9 58 38 7 60 28 4 32 55 10 
2 5 44 23 36 63 29 39 13 61 54 30 48 20 27 16 3 35 12 33 10 4 46 15 51 41 38 59 28 57 32 17 14 26 18 11 24 56 49 43 52 7 45 25 19 22 9 53 55 37 47 58 6 34 60 0 21 8 1 50 31 62 40 42 
15 54 7 53 55 60 1 39 6 37 5 27 42 23 21 43 8 61 48 62 17 19 58 49 52 36 28 12 31 50 14 45 18 44 25 30 29 4 3 24 16 2 46 32 26 34 63 38 47 51 59 41 35 57 40 13 11 22 10 20 56 9 33 0 
11 6 33 22 26 25 44 50 16 17 49 54 30 57 4 59 0 37 5 39 42 34 21 15 14 60 20 63 62 35 9 13 47 56 46 24 38 40 19 52 7 36 43 55 58 61 18 27 31 45 28 32 12 2 53 23 1 51 48 29 8 41 3 10 
40 27 48 20 42 1 41 22 19 0 60 44 36 21 39 47 14 59 7 25 53 23 63 13 8 54 45 17 10 12 49 52 5 29 57 9 31 2 3 55 24 32 50 26 15 51 16 35 34 28 43 18 33 58 4 11 62 37 30 56 46 38 61 6 
57 53 10 30 25 49 2 51 36 47 37 52 38 33 46 62 19 15 16 31 56 40 32 43 6 59 24 1 18 35 12 61 0 34 58 63 29 13 17 22 28 4 23 3 27 45 20 44 42 11 54 8 55 7 14 26 9 60 21 41 39 48 50 5 
43 48 32 8 28 42 14 41 51 53 57 3 23 22 1 25 54 35 62 21 6 44 2 4 11 40 49 12 38 15 55 45 19 33 10 36 0 31 20 17 46 37 30 34 60 50 24 47 7 13 18 27 26 29 63 58 61 52 9 39 16 59 56 5 
52 24 35 12 34 33 15 53 38 41 46 30 4 40 14 20 16 13 29 31 19 9 54 57 22 62 63 3 5 17 39 44 59 49 21 6 58 37 55 51 48 10 2 32 61 23 60 18 28 1 43 47 45 36 27 25 26 11 42 7 8 50 56 0 
23 36 35 33 19 12 62 5 14 6 22 43 16 42 44 4 9 20 55 10 18 52 46 15 53 11 45 25 47 8 56 3 38 0 31 7 34 40 61 21 49 32 13 48 54 57 60 63 50 41 37 28 30 26 27 51 39 58 17 1 29 2 59 24 
24 13 30 9 33 3 12 15 27 41 28 55 1 22 44 29 23 49 57 14 54 56 31 39 53 32 25 50 59 36 62 58 17 37 19 34 11 7 4 51 52 61 35 5 0 20 43 18 21 45 6 60 38 63 42 46 47 2 40 48 26 10 16 8 
56 24 58 0 29 37 32 42 11 30 50 62 51 61 19 34 43 45 22 63 12 28 59 1 60 23 16 55 25 35 20 8 36 41 52 7 5 46 39 15 18 10 48 2 13 4 57 17 21 9 44 26 33 27 6 53 31 3 40 38 47 49 14 54 
48 35 7 33 52 5 19 30 6 36 58 24 16 32 57 10 11 8 26 53 25 41 2 12 38 34 13 23 43 44 3 14 1 28 39 31 50 63 56 15 49 60 51 37 29 22 61 27 55 46 21 42 0 9 54 62 18 45 17 40 4 59 47 20 
14 61 33 43 27 32 63 7 53 16 39 4 59 25 17 55 60 28 20 22 46 45 9 10 44 29 51 21 58 48 5 40 31 8 3 34 47 36 23 11 24 37 52 56 19 6 18 41 62 13 15 54 49 26 42 35 57 38 2 12 50 0 1 30 
45 38 63 22 56 33 47 24 18 53 7 15 43 35 2 5 10 61 13 21 12 30 36 16 6 37 49 40 26 54 50 44 55 1 4 39 59 60 58 0 57 32 23 11 29 28 19 42 46 27 3 31 20 62 41 8 14 52 48 9 17 34 25 51 
2 29 39 41 50 23 25 51 56 0 18 30 31 20 13 52 49 45 37 61 14 59 6 34 7 17 19 38 53 10 46 62 42 26 47 4 55 15 43 9 1 33 44 40 35 48 22 63 16 36 57 60 28 8 58 21 24 3 54 12 27 11 5 32 
1 30 5 10 2 49 17 28 38 57 29 14 19 44 23 32 24 42 50 3 37 41 43 22 33 55 9 4 47 51 13 61 39 7 12 46 48 63 53 6 56 60 0 36 40 54 18 20 21 31 62 45 25 34 26 35 11 52 58 27 8 16 59 15 
21 3 15 24 34 2 25 37 58 61 35 19 12 48 20 59 62 39 46 31 4 16 14 45 10 56 17 41 60 23 36 63 0 50 44 5 27 38 18 33 57 52 47 22 7 43 49 26 55 28 6 40 51 42 54 53 32 13 1 9 8 11 29 30 
40 55 2 46 56 32 57 45 54 24 44 35 29 16 36 51 37 60 23 22 38 42 50 8 43 3 34 48 39 25 17 41 59 20 19 18 58 49 27 63 26 1 21 61 12 52 47 33 14 7 9 0 11 5 15 53 13 6 31 30 10 28 62 4 
5 58 16 30 53 27 21 19 7 57 4 25 35 2 33 62 44 0 29 38 50 54 14 26 56 31 22 24 40 23 3 8 12 51 41 28 11 45 20 18 1 10 39 63 9 46 61 47 17 6 59 34 60 36 52 49 37 42 48 32 55 43 13 15 
29 54 42 4 6 2 53 25 45 49 50 1 11 26 27 58 40 7 31 21 17 63 10 52 16 30 14 35 15 57 60 32 0 13 41 18 38 55 12 22 28 56 8 5 3 34 44 24 37 47 39 51 61 36 62 43 20 46 23 59 19 9 48 33 
29 18 51 4 38 46 61 7 56 41 54 34 17 31 22 0 55 36 12 27 9 35 20 47 6 59 32 16 13 26 52 19 63 48 50 1 2 10 45 43 42 11 25 33 37 14 53 15 57 40 44 30 49 60 3 21 5 58 24 8 28 23 62 39 
30 9 41 18 38 46 62 8 44 39 48 25 0 20 13 15 60 35 21 61 11 40 34 45 53 58 49 42 5 19 2 63 31 52 16 50 29 14 22 51 7 59 6 17 3 54 55 4 23 32 37 56 43 57 24 36 1 26 27 47 10 33 28 12 
21 15 45 32 28 27 24 34 49 50 18 58 25 41 60 63 31 55 57 2 44 16 12 1 51 9 62 14 11 26 17 3 0 42 52 54 4 22 56 29 19 48 37 46 6 5 23 10 8 38 40 13 30 43 36 59 53 39 7 20 33 61 47 35 
19 4 23 31 6 13 51 60 34 30 22 21 16 40 56 42 32 14 63 59 3 47 57 53 54 24 50 17 26 62 9 48 44 0 39 35 36 12 15 2 38 61 11 25 46 29 41 20 5 45 28 55 33 58 8 10 49 27 7 1 18 37 43 52 
31 23 24 11 59 0 35 15 19 62 37 1 5 45 9 42 28 51 27 13 61 14 43 25 47 63 39 10 29 26 50 46 32 21 17 33 22 53 38 34 48 41 12 58 20 6 16 55 40 2 60 4 30 44 8 52 18 36 54 56 3 49 7 57 
35 17 20 18 55 27 37 26 10 19 22 39 58 23 1 54 48 38 4 21 49 60 40 42 2 57 8 12 6 3 9 50 28 14 29 44 13 31 32 16 56 11 43 61 59 15 53 63 7 34 41 36 5 45 46 33 51 30 62 0 52 25 24 47 
6 41 57 11 1 13 17 62 24 44 58 30 54 22 47 40 36 42 27 43 2 5 37 46 0 10 38 26 23 8 21 3 20 32 63 9 50 45 14 51 56 59 19 48 55 12 33 60 18 39 4 53 28 49 31 15 34 25 35 16 61 29 7 52 
55 51 57 42 59 10 13 35 50 63 27 46 49 38 58 24 29 33 17 61 15 19 2 28 14 45 30 32 53 23 48 44 20 6 12 18 41 26 22 37 34 60 3 21 54 40 39 31 0 16 11 36 7 1 5 56 9 62 8 47 43 4 52 25 
44 25 1 47 39 41 18 56 23 54 42 62 8 2 7 49 43 9 29 34 35 24 5 57 36 40 37 19 26 38 59 32 50 6 45 12 16 61 46 52 15 13 11 3 17 27 51 53 31 0 21 14 4 33 10 55 20 63 22 58 30 60 28 48 
39 2 29 53 36 33 62 24 20 9 28 37 50 0 35 4 54 18 60 48 38 3 58 27 23 22 31 16 49 30 26 12 14 1 45 7 43 40 55 13 56 47 25 61 11 5 57 34 8 42 19 63 10 17 21 51 46 15 59 32 6 44 52 41 
3 48 46 21 40 8 13 60 38 51 33 10 18 14 34 63 7 6 2 22 24 19 9 35 42 4 20 54 1 15 12 59 45 44 30 27 16 62 23 57 11 39 29 5 17 36 43 32 61 25 52 53 0 47 31 49 26 28 50 56 58 37 55 41 
14 42 56 23 19 9 25 63 60 33 44 29 2 36 13 24 17 7 51 53 3 57 58 59 32 40 22 41 18 1 43 37 30 28 47 12 15 38 6 5 54 21 27 35 50 8 4 45 52 61 10 46 0 16 62 55 48 20 11 49 34 26 39 31 
12 0 58 63 62 60 5 16 48 59 9 4 21 10 32 46 53 19 2 18 54 41 44 27 51 35 29 1 34 30 3 61 15 11 24 17 31 22 38 25 7 13 50 55 23 28 40 37 43 47 52 49 26 57 14 33 45 56 36 42 8 6 20 39 
47 27 16 56 23 35 54 10 25 53 51 46 58 30 8 33 22 39 21 55 4 52 5 17 36 57 61 49 37 63 50 6 43 12 3 0 11 60 1 62 2 48 44 29 38 7 42 9 41 59 32 13 15 24 26 34 28 20 14 19 18 31 40 45 
47 34 52 44 40 55 51 54 60 42 17 46 62 21 41 24 4 14 13 26 28 18 45 6 27 5 57 50 59 23 11 9 29 43 12 58 33 19 35 30 20 53 37 0 2 7 10 39 36 32 63 31 1 15 22 48 8 49 61 56 25 3 16 38 
51 8 32 0 20 46 14 19 4 33 43 28 17 7 21 10 57 56 5 13 63 55 48 6 27 59 52 49 45 30 3 2 37 61 41 47 1 60 35 16 26 38 25 44 58 62 23 31 12 18 29 34 40 15 11 42 36 24 53 9 50 22 54 39 
37 36 19 51 56 39 20 21 43 14 38 11 4 17 48 50 62 18 28 26 57 1 46 49 60 7 45 59 0 15 44 41 31 47 29 10 52 58 61 25 12 2 8 23 54 33 6 30 35 9 27 24 34 55 22 42 53 16 32 5 40 63 13 3 
55 33 38 59 2 10 9 54 30 12 43 16 49 13 46 4 29 35 24 21 18 51 63 22 7 5 31 25 3 28 53 1 62 47 32 61 8 11 20 0 14 15 44 23 58 40 6 34 19 36 50 60 39 56 52 27 57 26 42 17 41 48 37 45 
31 26 33 19 28 22 6 51 54 62 34 48 5 63 20 56 46 2 37 35 11 61 60 25 53 52 10 38 3 15 44 7 0 27 14 49 55 4 8 47 29 50 21 36 42 40 16 41 45 24 23 32 59 1 12 57 39 30 17 13 18 9 58 43 
60 49 6 22 40 28 50 13 23 3 17 19 59 43 16 56 44 62 18 46 2 63 8 30 14 36 52 9 38 31 53 41 7 27 37 51 15 33 58 0 12 55 48 11 10 61 5 32 57 47 20 24 25 35 34 42 54 21 45 4 29 1 26 39 
26 32 59 21 56 47 25 40 34 48 2 7 55 30 54 50 36 10 44 51 43 12 0 16 39 8 3 13 52 37 38 60 27 33 19 46 20 42 53 4 1 6 28 41 58 14 62 18 9 17 57 31 63 29 15 11 61 23 24 5 45 49 35 22 
20 38 2 36 11 37 25 40 41 7 58 44 50 5 35 55 19 21 52 60 29 27 46 61 1 33 28 3 10 18 14 8 32 62 39 22 6 47 43 15 48 42 30 59 24 26 57 31 17 34 9 53 56 0 49 51 63 12 16 54 13 45 23 4 
29 3 27 38 0 50 13 19 43 24 40 32 47 20 8 34 51 35 21 31 6 11 62 23 4 17 63 41 12 5 30 25 37 60 15 7 2 61 55 54 44 36 42 26 56 9 16 45 39 57 48 58 1 53 18 59 10 46 22 28 14 33 49 52 
7 16 59 19 48 26 13 12 53 55 43 20 15 46 44 3 0 40 1 54 25 51 41 49 5 30 31 2 21 23 10 57 50 9 17 4 24 14 22 34 52 28 37 29 47 35 27 18 33 32 42 61 39 58 62 11 60 38 45 8 36 63 6 56 
26 35 27 44 0 55 10 12 8 56 45 51 32 15 36 33 16 1 29 48 34 42 4 18 17 31 19 60 7 11 57 43 23 21 49 47 6 13 52 5 25 2 24 14 54 59 28 58 50 38 46 40 61 62 53 30 20 9 39 22 63 3 37 41 
10 5 61 15 25 42 24 31 9 63 49 14 46 23 27 0 3 20 62 41 7 22 13 18 30 32 43 4 51 21 54 44 26 12 53 39 37 59 55 56 52 11 6 48 45 16 36 2 8 1 28 60 29 58 19 47 40 17 57 34 38 50 33 35 
57 51 6 59 63 56 43 17 29 47 7 5 45 0 22 20 12 3 13 33 10 34 44 36 37 23 18 35 49 54 31 25 11 2 30 15 27 52 1 40 19 42 4 16 9 46 60 38 50 58 26 39 48 24 41 32 53 55 61 28 62 8 14 21 
60 9 5 20 19 6 11 14 2 35 54 18 62 47 45 49 29 38 12 59 56 24 36 42 55 50 33 31 48 13 39 61 44 40 27 16 30 28 34 63 0 23 41 32 53 58 3 52 25 46 17 26 7 22 1 4 21 10 43 51 37 57 15 8 
48 13 62 0 41 21 11 44 46 43 26 10 50 4 28 25 7 60 16 40 17 53 29 59 2 30 38 3 61 33 45 24 36 18 5 56 27 57 34 55 22 63 19 14 42 49 39 47 9 6 31 20 32 12 37 23 35 15 51 52 8 58 54 1 
50 27 40 22 56 60 38 57 54 11 25 30 3 37 62 34 29 43 51 53 36 55 21 41 16 9 49 17 28 39 46 26 42 12 20 10 4 58 63 8 47 45 32 61 7 33 1 52 6 59 35 18 14 19 2 13 31 48 23 15 0 44 24 5 
0 6 55 8 26 63 3 47 49 10 22 28 60 50 37 46 58 17 9 43 25 20 24 52 44 4 13 53 38 7 51 16 5 21 35 59 30 34 18 23 11 31 27 48 41 39 57 2 54 62 40 14 12 61 36 19 1 15 45 33 29 56 42 32 
13 29 55 59 36 57 58 39 2 34 43 38 54 48 50 11 19 18 6 3 42 44 60 4 27 15 56 0 45 23 30 24 17 21 63 33 7 35 9 62 46 31 52 1 10 20 16 47 61 37 32 8 12 26 22 5 41 25 40 51 53 28 14 49 
21 10 32 44 28 19 26 49 18 48 9 34 33 12 6 20 35 62 2 56 40 17 37 29 46 59 3 16 38 45 0 50 7 11 27 42 4 8 63 24 25 13 14 61 54 1 41 31 57 5 30 47 58 36 23 15 43 22 55 51 60 52 39 53 
52 25 63 29 22 31 5 4 35 14 12 37 18 15 55 21 45 58 3 11 59 60 54 6 50 46 9 10 27 28 38 20 2 7 48 61 40 39 34 26 19 41 30 62 49 24 36 13 56 0 42 17 23 16 44 43 1 53 51 57 33 32 8 47 
7 27 55 14 54 36 31 10 29 26 52 38 2 1 61 19 34 48 0 18 6 49 23 35 51 33 17 13 4 56 41 45 39 44 50 12 43 32 8 57 62 25 46 59 16 30 28 24 58 53 20 63 22 15 3 37 60 21 47 42 9 40 11 5 
58 8 49 40 26 52 7 25 53 27 37 6 32 4 20 13 24 2 14 60 48 12 62 17 59 36 30 42 3 50 15 45 46 51 23 35 16 31 33 1 10 38 47 44 29 34 9 57 19 28 5 54 21 61 41 43 39 0 55 11 18 63 56 22 
17 62 14 9 3 4 31 39 53 6 19 28 34 32 25 52 60 7 44 22 49 10 30 40 59 61 54 5 35 29 48 15 55 41 56 11 24 37 13 36 51 33 20 45 26 42 16 27 0 38 50 63 21 8 1 23 2 47 18 58 57 43 12 46 
20 1 29 13 32 51 8 47 24 33 28 50 54 63 55 10 14 57 48 17 38 3 4 19 15 22 61 62 30 31 43 5 6 36 42 34 35 18 37 58 23 52 56 41 44 45 26 2 7 49 59 40 25 39 60 12 16 11 21 53 9 46 27 0 
41 45 13 24 37 33 51 31 32 62 44 60 10 42 59 14 28 56 63 7 5 0 30 6 53 40 9 21 35 26 38 57 1 27 58 16 23 25 54 50 36 52 4 61 47 18 55 11 17 22 29 2 8 19 34 12 46 20 49 39 15 43 3 48 
54 10 53 43 25 19 6 51 13 15 4 39 42 12 33 3 24 23 21 30 41 5 44 55 2 11 37 35 57 47 52 62 36 61 26 29 49 40 34 32 38 45 50 7 60 56 9 27 28 59 31 18 8 17 1 0 46 58 16 63 14 22 48 20 
29 24 52 39 45 47 25 54 63 53 21 31 46 57 59 61 17 58 1 14 23 28 27 9 26 37 5 33 36 60 62 20 50 44 10 11 3 18 12 19 41 40 22 34 15 35 38 55 0 8 43 49 13 42 48 51 16 56 32 7 2 4 6 30 
31 26 38 62 47 53 49 54 40 0 33 52 7 29 19 10 50 63 55 56 21 14 36 12 8 44 42 30 34 16 39 51 43 24 1 48 61 18 6 2 60 27 59 41 22 35 17 11 5 58 46 23 20 9 25 57 15 13 45 4 37 32 28 3 
24 19 63 56 23 4 17 7 30 16 41 0 35 52 25 59 21 48 2 36 10 39 20 55 60 32 58 61 50 6 11 49 28 31 37 46 57 22 53 3 44 26 51 54 42 43 33 27 8 9 40 5 18 14 29 1 12 47 62 15 45 38 13 34 
32 1 63 18 38 45 62 11 12 37 28 15 24 10 59 14 20 56 25 31 54 57 9 61 40 4 7 46 42 51 17 60 27 13 52 55 58 43 33 41 50 47 36 3 48 29 53 2 34 16 0 8 39 49 23 22 26 30 35 44 21 19 5 6 
13 62 29 30 48 44 21 53 51 12 54 10 2 47 31 23 5 40 38 42 0 43 46 33 63 35 26 9 37 39 11 16 36 41 14 55 49 17 24 6 18 56 7 4 3 50 22 28 58 52 57 45 59 32 20 27 8 15 60 34 25 19 1 61 
27 4 29 7 26 31 9 15 34 42 61 49 57 35 14 51 52 20 44 45 63 53 1 37 41 58 30 25 23 2 10 21 13 0 32 59 56 47 38 43 16 18 48 6 5 3 40 28 54 46 19 8 24 55 36 62 50 39 60 33 11 12 22 17 
20 3 12 34 38 28 9 5 52 48 10 53 62 15 39 29 50 49 19 56 1 8 33 63 25 36 24 55 22 58 32 51 7 46 59 57 2 27 23 44 26 11 13 30 41 21 35 17 54 61 0 6 14 37 40 43 16 42 4 18 47 45 31 60 
20 49 40 10 1 50 18 11 0 48 35 53 45 44 34 9 47 60 15 51 27 33 46 31 63 57 7 24 16 39 26 22 52 23 4 54 5 12 42 43 25 32 13 30 19 56 2 55 6 17 14 38 59 58 28 8 21 37 61 36 3 62 29 41 
58 55 4 61 33 57 24 53 36 49 44 54 19 63 37 32 40 0 17 1 30 26 6 8 60 39 45 21 7 43 29 23 31 2 47 62 5 25 15 50 14 12 34 59 46 28 13 38 48 10 56 9 16 22 20 11 3 42 27 51 52 18 35 41 
4 1 26 13 44 25 35 5 20 55 11 10 61 59 53 27 28 48 14 7 34 40 56 23 19 17 33 18 45 9 8 2 57 62 16 52 3 50 0 39 30 21 43 37 54 29 12 15 46 41 24 6 51 49 60 38 47 31 32 36 63 22 58 42 
61 3 1 10 18 63 24 33 0 36 34 20 43 17 19 30 55 42 12 40 60 53 52 44 45 56 50 6 51 58 47 31 38 7 54 25 46 32 9 4 59 11 41 8 48 21 29 2 49 13 28 62 26 37 22 14 39 35 5 16 23 57 15 27 
45 14 61 47 8 30 38 34 36 42 39 49 63 5 20 51 33 40 18 7 3 4 31 21 17 59 60 46 44 15 37 48 32 19 29 12 28 55 1 0 27 9 41 58 56 6 24 50 2 25 26 16 13 43 57 11 35 10 22 54 23 62 52 53 
2 28 62 55 31 44 13 0 21 58 11 12 37 10 39 32 4 41 36 27 48 53 8 29 38 35 17 6 26 14 59 25 5 51 9 43 7 42 16 56 45 20 57 60 15 49 50 24 63 3 47 46 40 34 1 22 33 54 61 52 30 23 18 19 
36 12 11 28 46 22 52 32 2 43 49 48 9 20 10 17 42 7 41 8 26 29 1 39 23 25 40 55 6 38 63 53 61 57 15 59 60 62 30 5 51 31 27 37 33 0 14 18 13 24 16 35 47 50 21 56 34 19 45 58 4 44 54 3 
63 2 43 7 24 38 48 37 60 5 45 31 58 0 44 40 50 4 33 61 34 11 1 19 13 62 39 26 57 54 46 14 8 59 10 30 12 28 56 6 25 29 23 51 15 9 35 41 17 42 21 22 32 52 55 20 47 27 18 53 36 49 3 16 
48 11 42 46 43 3 2 35 24 33 63 41 12 49 9 25 14 58 54 40 15 18 62 53 45 31 6 26 27 19 30 21 50 34 60 51 29 16 59 17 5 36 37 57 61 7 39 22 44 0 28 20 23 38 47 32 13 56 10 55 1 52 8 4 
13 26 8 42 54 46 32 44 17 53 2 31 39 35 37 51 55 14 19 23 5 33 25 3 36 15 24 34 6 7 45 50 40 22 20 29 1 38 30 48 58 47 59 18 52 16 62 61 63 43 0 21 49 28 11 10 12 57 27 4 60 9 41 56 
7 49 22 45 5 18 29 26 52 37 10 31 1 43 44 16 13 21 51 41 4 48 42 46 54 20 14 17 33 24 3 61 8 27 63 23 34 36 2 9 57 62 38 55 59 11 40 25 19 50 32 56 60 30 39 53 28 6 35 47 58 0 12 15 
51 26 48 1 25 61 60 44 7 32 6 52 55 31 46 62 9 35 20 28 47 10 5 24 45 54 50 43 42 33 3 63 37 49 36 17 15 58 39 38 4 12 8 0 23 13 27 53 30 29 59 18 11 34 57 41 16 2 21 14 40 22 19 56 
51 26 2 33 43 9 3 46 6 35 15 53 21 14 49 16 48 41 20 61 54 36 55 5 23 45 28 40 42 37 11 0 60 58 31 19 1 62 24 34 17 12 56 25 27 22 18 8 13 44 50 47 29 57 32 4 30 52 10 59 38 39 63 7 
63 26 34 57 32 23 29 56 13 14 62 6 25 22 58 10 18 1 17 59 8 0 28 44 9 41 33 61 4 36 42 27 40 15 37 55 53 31 60 16 38 49 5 52 21 30 50 48 3 2 12 39 43 46 35 11 19 24 54 20 45 47 51 7 
17 31 19 9 32 35 56 18 40 39 16 10 29 58 51 41 45 57 33 54 59 11 48 43 8 42 34 38 26 7 50 37 25 46 3 62 53 23 28 52 22 15 2 55 5 61 1 36 21 12 24 27 20 60 14 47 44 30 4 63 0 13 6 49 
