58 41 43 27 18 40 54 45 4 7 61 23 16 57 2 13 24 3 50 21 14 9 5 33 26 38 8 15 28 10 36 19 22 52 63 12 42 56 6 0 29 55 37 31 35 46 32 62 25 51 20 39 53 59 1 49 34 44 30 11 48 47 17 60 
19 42 7 51 61 22 48 38 50 40 2 1 56 62 57 33 36 18 47 29 10 21 0 13 4 37 5 60 31 11 53 3 34 58 45 24 26 39 12 16 32 9 25 49 52 6 8 28 35 63 20 46 30 44 17 54 43 59 14 55 27 41 15 23 
34 1 51 18 29 16 39 10 26 33 13 31 49 14 5 52 7 50 0 3 44 21 8 47 32 42 9 56 2 15 4 20 6 48 36 35 11 45 28 53 46 12 27 17 62 40 23 57 25 19 41 55 24 37 61 63 59 43 38 30 58 22 54 60 
43 16 53 11 49 32 55 51 54 27 35 0 23 7 22 12 58 4 10 52 38 60 34 8 28 20 41 25 45 62 57 46 48 39 31 19 44 42 17 59 47 36 24 5 56 63 2 61 29 21 37 30 15 9 18 40 33 1 13 3 50 6 14 26 
47 40 50 26 4 14 28 5 61 24 35 54 36 38 53 25 18 8 42 6 11 55 9 29 2 57 3 10 59 7 58 45 30 23 63 15 51 52 1 33 49 16 62 20 34 37 48 41 17 21 56 60 12 13 19 44 39 22 27 46 43 31 0 32 
31 47 40 59 0 63 44 11 13 5 7 58 54 50 46 28 52 3 45 20 48 8 38 35 25 41 30 6 37 43 42 36 56 53 33 16 15 32 29 1 9 61 22 12 51 14 60 17 62 34 21 26 19 10 24 27 39 4 57 2 23 55 49 18 
31 11 18 40 26 36 46 17 12 27 2 33 30 52 57 51 37 59 48 24 53 47 13 16 50 29 9 41 56 3 20 28 23 55 22 34 62 45 15 0 61 4 1 39 14 54 10 49 7 25 8 32 6 60 42 44 58 35 5 43 38 63 21 19 
6 14 56 11 29 59 63 21 23 35 41 15 0 27 12 22 45 62 34 57 24 20 28 10 26 49 36 60 3 51 2 32 16 19 38 53 47 44 7 39 8 55 43 48 30 58 33 25 50 17 52 13 61 37 18 54 5 40 46 31 1 4 42 9 
61 53 36 11 0 23 54 30 4 18 22 60 7 15 33 43 32 40 17 59 25 37 26 39 58 50 55 63 21 47 41 10 1 35 19 27 48 3 42 62 5 44 57 45 28 9 56 29 34 8 49 24 12 6 13 14 2 16 46 52 31 38 20 51 
44 13 41 1 16 48 29 47 5 19 26 21 59 6 11 54 23 17 61 40 49 37 43 42 45 51 24 62 56 31 57 7 25 55 9 0 60 39 18 36 50 38 15 34 2 53 32 33 22 28 27 58 4 30 12 8 63 14 35 46 20 3 10 52 
10 34 53 17 23 45 8 32 4 25 39 42 30 11 49 21 9 18 22 26 7 62 48 56 44 50 59 40 14 19 36 52 13 15 33 37 46 27 16 43 24 3 29 63 47 54 5 38 20 6 2 51 60 0 55 57 61 1 31 35 28 12 41 58 
3 17 25 8 16 48 20 35 33 7 29 42 0 43 13 38 19 31 52 54 6 2 58 4 1 11 28 41 5 18 14 53 37 60 27 49 47 24 32 36 57 55 62 15 63 50 21 44 22 12 10 56 34 40 26 46 59 51 23 45 39 61 9 30 
45 19 34 33 31 24 44 11 42 35 1 40 17 13 51 54 20 61 57 43 12 9 25 62 22 56 46 47 29 52 53 36 49 63 4 60 16 7 5 30 21 58 15 28 37 2 8 10 18 50 59 48 55 3 41 0 6 23 14 38 39 26 27 32 
38 43 33 27 36 42 52 46 53 58 1 44 37 4 15 54 14 61 59 11 0 6 45 56 63 23 20 25 60 28 49 62 39 21 17 57 50 31 12 16 13 41 35 5 30 40 10 48 7 34 55 26 24 8 22 9 51 18 3 19 2 29 47 32 
9 55 16 29 31 26 40 25 63 49 62 6 47 27 28 22 54 20 2 57 48 3 41 37 36 45 5 39 15 52 4 18 34 60 50 23 53 35 21 1 10 51 0 59 44 13 61 8 14 30 24 58 46 19 17 42 38 7 12 33 43 56 32 11 
7 14 62 18 1 3 52 61 19 58 28 54 43 17 23 10 20 11 29 51 4 59 44 39 35 56 40 2 27 55 24 8 0 33 38 25 13 22 49 41 15 47 46 57 48 9 31 5 60 53 42 50 21 34 63 37 12 45 6 36 30 32 26 16 
51 10 13 17 2 32 15 35 28 50 31 9 29 58 12 8 41 54 40 27 7 39 6 47 5 36 34 14 55 33 63 24 23 26 56 25 48 1 62 3 53 42 46 11 20 44 30 49 22 59 61 60 45 43 57 0 37 38 52 19 21 4 16 18 
29 36 63 42 39 31 10 43 33 44 15 27 5 56 58 38 24 22 0 18 16 4 17 32 57 41 12 49 52 14 9 3 13 62 11 6 23 60 30 45 53 59 21 37 19 26 7 40 28 8 47 25 34 2 55 61 48 50 35 46 54 51 1 20 
13 59 60 35 57 63 52 22 18 3 43 19 53 51 56 11 31 50 4 15 29 54 10 12 47 61 62 42 26 9 45 40 44 39 6 0 17 36 34 21 30 49 46 25 38 7 48 23 37 20 2 58 16 27 1 5 32 55 41 28 8 33 24 14 
6 42 2 50 15 10 27 46 38 16 33 20 49 13 53 63 17 55 18 43 11 28 26 14 62 54 8 41 3 59 57 37 29 61 12 19 48 23 36 39 52 35 44 25 30 56 1 22 60 9 32 40 0 21 5 45 51 24 7 47 58 31 4 34 
43 45 58 7 10 9 37 21 53 0 25 8 29 49 1 56 19 22 14 20 42 33 11 44 13 32 54 50 5 30 59 38 46 40 4 12 15 41 24 16 27 48 34 26 36 60 2 39 57 35 63 3 52 31 51 61 17 47 55 28 62 6 18 23 
45 17 33 39 27 4 3 51 6 59 28 26 11 10 41 34 22 1 42 57 56 36 15 19 58 35 21 37 61 30 24 0 2 43 54 53 63 44 9 62 48 23 14 46 13 32 31 29 25 16 7 8 40 20 38 18 55 52 50 60 47 49 12 5 
54 26 30 45 39 20 15 61 44 36 49 23 11 62 31 42 5 16 2 13 7 24 25 17 12 43 48 37 18 9 47 35 55 14 22 8 58 34 27 4 57 21 19 33 50 56 0 46 10 29 51 3 53 1 32 59 38 60 63 28 52 41 6 40 
47 33 5 58 39 21 28 50 62 61 9 16 52 55 32 0 63 36 2 41 46 42 45 44 3 13 17 38 23 25 22 19 56 4 18 26 34 24 10 7 60 43 30 6 27 51 53 15 49 29 37 59 35 40 54 20 1 8 11 14 48 31 57 12 
61 4 12 0 58 44 53 63 20 23 11 1 37 8 50 19 32 25 51 17 47 52 29 49 16 62 5 22 59 14 55 42 6 31 35 40 28 60 24 30 54 9 10 38 13 46 36 48 57 45 26 27 43 7 15 3 41 21 39 33 34 2 18 56 
12 33 43 25 52 16 1 50 10 14 38 30 51 26 48 47 5 7 36 57 49 13 62 19 3 61 56 37 35 28 45 8 34 4 22 29 0 55 40 17 58 54 15 59 27 2 24 9 18 63 31 23 46 21 32 44 20 53 60 39 41 42 11 6 
13 37 54 8 61 34 1 27 14 22 18 21 40 43 60 33 58 53 52 9 42 4 11 26 39 44 12 48 7 17 25 31 47 50 57 30 24 35 63 51 56 23 32 5 55 6 36 10 3 46 2 59 38 29 49 0 16 15 28 62 19 45 41 20 
42 19 49 28 43 22 44 56 11 4 62 32 54 33 29 35 2 15 10 23 50 13 36 1 26 12 17 45 21 40 48 58 39 46 34 47 37 30 7 41 8 27 51 5 59 61 57 14 63 55 52 18 9 60 6 20 31 0 53 16 38 25 3 24 
52 12 5 56 58 34 60 41 35 53 28 61 19 17 1 39 14 57 50 42 10 38 2 16 47 43 18 23 55 32 20 59 36 8 9 63 49 15 33 21 44 48 22 40 29 3 7 30 0 45 27 37 54 24 25 62 51 31 26 13 6 4 46 11 
2 0 44 10 23 50 12 48 1 62 49 61 42 21 8 27 13 51 56 16 52 6 17 9 39 38 41 54 5 29 30 25 60 28 4 59 34 33 19 15 11 63 53 43 46 20 55 32 35 7 37 45 31 47 40 22 26 14 58 3 36 57 18 24 
8 63 60 23 5 15 7 25 2 11 54 57 18 20 14 37 49 42 0 48 31 1 30 16 33 35 59 62 22 28 45 32 19 29 12 13 61 38 43 3 24 10 51 27 17 21 4 46 50 40 52 6 9 56 26 55 44 53 39 36 34 58 41 47 
35 41 24 51 45 9 38 49 8 46 53 27 54 43 44 2 7 19 16 21 13 26 15 20 37 55 25 28 60 29 34 22 0 14 42 47 61 52 23 31 50 30 11 12 33 1 5 4 17 58 57 59 10 36 48 40 3 39 18 6 32 62 56 63 
57 25 18 12 4 20 42 43 29 21 17 16 13 54 8 44 38 61 5 7 45 53 10 60 48 59 24 23 19 41 14 11 22 26 51 15 36 49 40 39 34 50 58 33 2 6 27 52 28 35 3 46 56 1 30 32 47 37 63 31 9 55 62 0 
20 60 14 63 24 31 28 29 46 59 44 35 8 55 58 53 6 56 0 26 49 39 15 2 21 33 57 18 19 34 54 10 22 12 11 51 47 4 45 32 7 62 36 16 3 38 13 41 27 43 17 1 52 5 50 61 9 25 40 42 37 48 23 30 
12 16 14 52 37 22 50 6 58 35 9 54 63 29 56 10 19 39 30 34 38 5 27 7 46 33 1 21 36 55 3 18 17 2 44 41 53 24 31 48 13 15 23 45 62 51 20 11 59 0 47 49 61 40 32 4 26 43 42 8 57 25 28 60 
63 48 28 60 44 7 10 40 14 53 54 52 32 21 11 51 36 24 43 56 30 0 18 41 25 1 31 12 19 42 16 33 27 39 17 62 50 15 47 22 59 4 37 29 46 57 55 6 20 61 5 58 38 23 13 26 3 2 49 45 35 34 8 9 
28 51 6 12 40 32 17 3 63 53 56 26 60 34 9 25 54 16 18 5 62 23 15 11 43 35 19 36 2 30 41 14 7 59 10 48 8 29 33 0 24 47 13 37 4 27 44 57 50 45 49 42 22 58 21 55 46 1 31 52 20 38 61 39 
31 51 49 13 53 52 61 41 46 21 59 62 38 32 54 18 60 39 63 47 17 26 55 23 9 22 43 29 0 50 44 6 48 33 1 14 25 10 35 11 19 36 24 7 40 42 8 58 27 57 15 56 3 45 37 5 4 20 12 28 34 16 30 2 
49 63 9 10 46 40 4 35 17 38 57 61 54 21 22 48 60 3 7 28 37 43 45 14 33 53 20 8 12 19 36 16 55 13 1 62 30 34 58 2 24 26 32 25 18 51 44 42 52 39 50 0 59 56 31 5 23 29 11 41 47 27 6 15 
45 46 4 15 24 47 25 32 16 38 59 8 33 11 63 27 30 3 40 10 22 19 26 28 29 61 55 9 13 17 35 51 58 53 12 37 5 57 0 62 20 54 52 50 31 56 34 41 36 14 21 7 23 42 48 18 43 39 60 6 1 49 2 44 
28 20 15 25 60 13 49 14 44 7 62 53 51 31 4 30 27 22 52 9 0 29 10 61 19 57 6 54 47 56 46 36 23 50 43 24 45 18 55 48 58 2 1 17 38 26 5 42 3 11 37 40 34 35 16 32 21 63 8 41 33 59 12 39 
38 63 20 12 55 39 48 8 52 15 21 27 40 26 54 25 37 6 5 19 24 3 16 30 51 50 62 32 45 14 7 17 4 0 43 47 34 60 46 44 11 13 41 35 58 33 49 31 29 59 2 42 18 61 22 36 23 10 28 53 9 1 57 56 
35 39 11 6 38 25 61 12 30 58 19 5 9 50 63 42 48 54 60 17 45 53 15 52 51 32 3 41 31 37 16 18 40 44 56 4 14 7 23 2 33 22 47 36 28 8 1 49 27 46 29 10 59 0 34 13 43 21 57 24 26 62 20 55 
15 8 5 38 35 43 7 54 53 34 48 56 59 1 17 2 40 63 6 21 32 28 19 10 18 36 29 42 24 30 12 27 11 25 50 61 41 47 13 22 3 14 55 51 0 58 49 57 62 45 37 16 39 31 26 33 52 4 44 9 46 23 20 60 
0 15 37 4 29 17 39 48 57 49 20 16 47 8 40 10 22 50 12 44 19 3 55 51 18 14 62 9 61 45 53 43 38 27 31 34 63 30 26 59 7 28 13 25 6 5 32 24 52 2 56 11 35 36 1 42 60 21 54 33 41 58 23 46 
2 35 32 5 3 37 18 8 39 48 46 17 34 52 59 33 62 57 45 51 61 10 29 15 19 16 11 58 28 12 4 44 40 54 42 50 31 25 43 63 7 6 22 47 1 13 38 24 26 23 14 9 0 60 36 21 55 20 53 30 49 27 56 41 
1 24 15 31 55 50 42 51 57 8 25 3 29 14 18 13 63 35 45 26 58 4 17 62 16 52 11 40 12 37 21 23 7 6 10 30 32 48 59 54 19 27 5 39 41 61 44 22 56 43 53 46 49 33 2 60 34 36 9 38 47 20 0 28 
53 12 48 6 40 20 21 50 13 47 11 32 9 45 15 24 35 52 58 54 31 57 63 4 27 25 23 10 51 22 17 39 49 5 44 34 30 46 61 56 55 28 62 16 3 43 1 42 8 59 2 37 38 26 41 36 7 0 60 33 29 19 18 14 
59 50 51 48 14 18 24 20 33 45 40 16 32 13 39 42 1 46 52 62 54 56 10 35 37 38 17 19 6 12 43 57 49 11 58 36 8 2 7 28 25 30 5 31 44 47 27 3 23 34 41 15 29 22 9 61 4 21 26 55 63 53 0 60 
16 42 46 39 53 59 15 45 27 32 24 30 21 31 50 49 43 56 0 62 1 18 4 44 23 5 25 35 37 11 63 19 13 61 58 28 2 52 41 3 9 7 47 14 54 6 26 51 29 20 36 8 10 17 34 48 40 12 57 33 60 55 38 22 
29 63 61 53 26 32 55 45 43 25 15 21 44 17 16 8 39 46 30 33 24 9 34 18 36 41 14 38 22 4 35 0 13 20 31 27 54 11 60 47 51 2 6 52 42 59 40 56 19 28 3 37 50 48 62 10 49 57 5 58 1 12 23 7 
35 52 17 49 29 40 8 28 34 1 4 56 2 19 48 30 50 43 39 24 41 61 62 21 55 51 63 14 18 7 46 47 20 36 15 9 60 22 27 16 37 26 38 0 59 32 5 11 45 12 53 44 10 42 54 3 31 57 58 33 23 6 25 13 
51 10 13 17 2 32 15 35 28 50 31 9 29 58 12 8 41 54 40 27 7 39 6 47 5 36 34 14 55 33 63 24 23 26 56 25 48 1 62 3 53 42 46 11 20 44 30 49 22 59 61 60 45 43 57 0 37 38 52 19 21 4 16 18 
29 36 63 42 39 31 10 43 33 44 15 27 5 56 58 38 24 22 0 18 16 4 17 32 57 41 12 49 52 14 9 3 13 62 11 6 23 60 30 45 53 59 21 37 19 26 7 40 28 8 47 25 34 2 55 61 48 50 35 46 54 51 1 20 
13 59 60 35 57 63 52 22 18 3 43 19 53 51 56 11 31 50 4 15 29 54 10 12 47 61 62 42 26 9 45 40 44 39 6 0 17 36 34 21 30 49 46 25 38 7 48 23 37 20 2 58 16 27 1 5 32 55 41 28 8 33 24 14 
6 42 2 50 15 10 27 46 38 16 33 20 49 13 53 63 17 55 18 43 11 28 26 14 62 54 8 41 3 59 57 37 29 61 12 19 48 23 36 39 52 35 44 25 30 56 1 22 60 9 32 40 0 21 5 45 51 24 7 47 58 31 4 34 
43 45 58 7 10 9 37 21 53 0 25 8 29 49 1 56 19 22 14 20 42 33 11 44 13 32 54 50 5 30 59 38 46 40 4 12 15 41 24 16 27 48 34 26 36 60 2 39 57 35 63 3 52 31 51 61 17 47 55 28 62 6 18 23 
45 17 33 39 27 4 3 51 6 59 28 26 11 10 41 34 22 1 42 57 56 36 15 19 58 35 21 37 61 30 24 0 2 43 54 53 63 44 9 62 48 23 14 46 13 32 31 29 25 16 7 8 40 20 38 18 55 52 50 60 47 49 12 5 
54 26 30 45 39 20 15 61 44 36 49 23 11 62 31 42 5 16 2 13 7 24 25 17 12 43 48 37 18 9 47 35 55 14 22 8 58 34 27 4 57 21 19 33 50 56 0 46 10 29 51 3 53 1 32 59 38 60 63 28 52 41 6 40 
47 33 5 58 39 21 28 50 62 61 9 16 52 55 32 0 63 36 2 41 46 42 45 44 3 13 17 38 23 25 22 19 56 4 18 26 34 24 10 7 60 43 30 6 27 51 53 15 49 29 37 59 35 40 54 20 1 8 11 14 48 31 57 12 
61 4 12 0 58 44 53 63 20 23 11 1 37 8 50 19 32 25 51 17 47 52 29 49 16 62 5 22 59 14 55 42 6 31 35 40 28 60 24 30 54 9 10 38 13 46 36 48 57 45 26 27 43 7 15 3 41 21 39 33 34 2 18 56 
12 33 43 25 52 16 1 50 10 14 38 30 51 26 48 47 5 7 36 57 49 13 62 19 3 61 56 37 35 28 45 8 34 4 22 29 0 55 40 17 58 54 15 59 27 2 24 9 18 63 31 23 46 21 32 44 20 53 60 39 41 42 11 6 
13 37 54 8 61 34 1 27 14 22 18 21 40 43 60 33 58 53 52 9 42 4 11 26 39 44 12 48 7 17 25 31 47 50 57 30 24 35 63 51 56 23 32 5 55 6 36 10 3 46 2 59 38 29 49 0 16 15 28 62 19 45 41 20 
42 19 49 28 43 22 44 56 11 4 62 32 54 33 29 35 2 15 10 23 50 13 36 1 26 12 17 45 21 40 48 58 39 46 34 47 37 30 7 41 8 27 51 5 59 61 57 14 63 55 52 18 9 60 6 20 31 0 53 16 38 25 3 24 
52 12 5 56 58 34 60 41 35 53 28 61 19 17 1 39 14 57 50 42 10 38 2 16 47 43 18 23 55 32 20 59 36 8 9 63 49 15 33 21 44 48 22 40 29 3 7 30 0 45 27 37 54 24 25 62 51 31 26 13 6 4 46 11 
2 0 44 10 23 50 12 48 1 62 49 61 42 21 8 27 13 51 56 16 52 6 17 9 39 38 41 54 5 29 30 25 60 28 4 59 34 33 19 15 11 63 53 43 46 20 55 32 35 7 37 45 31 47 40 22 26 14 58 3 36 57 18 24 
8 63 60 23 5 15 7 25 2 11 54 57 18 20 14 37 49 42 0 48 31 1 30 16 33 35 59 62 22 28 45 32 19 29 12 13 61 38 43 3 24 10 51 27 17 21 4 46 50 40 52 6 9 56 26 55 44 53 39 36 34 58 41 47 
35 41 24 51 45 9 38 49 8 46 53 27 54 43 44 2 7 19 16 21 13 26 15 20 37 55 25 28 60 29 34 22 0 14 42 47 61 52 23 31 50 30 11 12 33 1 5 4 17 58 57 59 10 36 48 40 3 39 18 6 32 62 56 63 
57 25 18 12 4 20 42 43 29 21 17 16 13 54 8 44 38 61 5 7 45 53 10 60 48 59 24 23 19 41 14 11 22 26 51 15 36 49 40 39 34 50 58 33 2 6 27 52 28 35 3 46 56 1 30 32 47 37 63 31 9 55 62 0 
20 60 14 63 24 31 28 29 46 59 44 35 8 55 58 53 6 56 0 26 49 39 15 2 21 33 57 18 19 34 54 10 22 12 11 51 47 4 45 32 7 62 36 16 3 38 13 41 27 43 17 1 52 5 50 61 9 25 40 42 37 48 23 30 
12 16 14 52 37 22 50 6 58 35 9 54 63 29 56 10 19 39 30 34 38 5 27 7 46 33 1 21 36 55 3 18 17 2 44 41 53 24 31 48 13 15 23 45 62 51 20 11 59 0 47 49 61 40 32 4 26 43 42 8 57 25 28 60 
63 48 28 60 44 7 10 40 14 53 54 52 32 21 11 51 36 24 43 56 30 0 18 41 25 1 31 12 19 42 16 33 27 39 17 62 50 15 47 22 59 4 37 29 46 57 55 6 20 61 5 58 38 23 13 26 3 2 49 45 35 34 8 9 
28 51 6 12 40 32 17 3 63 53 56 26 60 34 9 25 54 16 18 5 62 23 15 11 43 35 19 36 2 30 41 14 7 59 10 48 8 29 33 0 24 47 13 37 4 27 44 57 50 45 49 42 22 58 21 55 46 1 31 52 20 38 61 39 
31 51 49 13 53 52 61 41 46 21 59 62 38 32 54 18 60 39 63 47 17 26 55 23 9 22 43 29 0 50 44 6 48 33 1 14 25 10 35 11 19 36 24 7 40 42 8 58 27 57 15 56 3 45 37 5 4 20 12 28 34 16 30 2 
49 63 9 10 46 40 4 35 17 38 57 61 54 21 22 48 60 3 7 28 37 43 45 14 33 53 20 8 12 19 36 16 55 13 1 62 30 34 58 2 24 26 32 25 18 51 44 42 52 39 50 0 59 56 31 5 23 29 11 41 47 27 6 15 
45 46 4 15 24 47 25 32 16 38 59 8 33 11 63 27 30 3 40 10 22 19 26 28 29 61 55 9 13 17 35 51 58 53 12 37 5 57 0 62 20 54 52 50 31 56 34 41 36 14 21 7 23 42 48 18 43 39 60 6 1 49 2 44 
28 20 15 25 60 13 49 14 44 7 62 53 51 31 4 30 27 22 52 9 0 29 10 61 19 57 6 54 47 56 46 36 23 50 43 24 45 18 55 48 58 2 1 17 38 26 5 42 3 11 37 40 34 35 16 32 21 63 8 41 33 59 12 39 
38 63 20 12 55 39 48 8 52 15 21 27 40 26 54 25 37 6 5 19 24 3 16 30 51 50 62 32 45 14 7 17 4 0 43 47 34 60 46 44 11 13 41 35 58 33 49 31 29 59 2 42 18 61 22 36 23 10 28 53 9 1 57 56 
35 39 11 6 38 25 61 12 30 58 19 5 9 50 63 42 48 54 60 17 45 53 15 52 51 32 3 41 31 37 16 18 40 44 56 4 14 7 23 2 33 22 47 36 28 8 1 49 27 46 29 10 59 0 34 13 43 21 57 24 26 62 20 55 
15 8 5 38 35 43 7 54 53 34 48 56 59 1 17 2 40 63 6 21 32 28 19 10 18 36 29 42 24 30 12 27 11 25 50 61 41 47 13 22 3 14 55 51 0 58 49 57 62 45 37 16 39 31 26 33 52 4 44 9 46 23 20 60 
0 15 37 4 29 17 39 48 57 49 20 16 47 8 40 10 22 50 12 44 19 3 55 51 18 14 62 9 61 45 53 43 38 27 31 34 63 30 26 59 7 28 13 25 6 5 32 24 52 2 56 11 35 36 1 42 60 21 54 33 41 58 23 46 
2 35 32 5 3 37 18 8 39 48 46 17 34 52 59 33 62 57 45 51 61 10 29 15 19 16 11 58 28 12 4 44 40 54 42 50 31 25 43 63 7 6 22 47 1 13 38 24 26 23 14 9 0 60 36 21 55 20 53 30 49 27 56 41 
1 24 15 31 55 50 42 51 57 8 25 3 29 14 18 13 63 35 45 26 58 4 17 62 16 52 11 40 12 37 21 23 7 6 10 30 32 48 59 54 19 27 5 39 41 61 44 22 56 43 53 46 49 33 2 60 34 36 9 38 47 20 0 28 
53 12 48 6 40 20 21 50 13 47 11 32 9 45 15 24 35 52 58 54 31 57 63 4 27 25 23 10 51 22 17 39 49 5 44 34 30 46 61 56 55 28 62 16 3 43 1 42 8 59 2 37 38 26 41 36 7 0 60 33 29 19 18 14 
59 50 51 48 14 18 24 20 33 45 40 16 32 13 39 42 1 46 52 62 54 56 10 35 37 38 17 19 6 12 43 57 49 11 58 36 8 2 7 28 25 30 5 31 44 47 27 3 23 34 41 15 29 22 9 61 4 21 26 55 63 53 0 60 
16 42 46 39 53 59 15 45 27 32 24 30 21 31 50 49 43 56 0 62 1 18 4 44 23 5 25 35 37 11 63 19 13 61 58 28 2 52 41 3 9 7 47 14 54 6 26 51 29 20 36 8 10 17 34 48 40 12 57 33 60 55 38 22 
29 63 61 53 26 32 55 45 43 25 15 21 44 17 16 8 39 46 30 33 24 9 34 18 36 41 14 38 22 4 35 0 13 20 31 27 54 11 60 47 51 2 6 52 42 59 40 56 19 28 3 37 50 48 62 10 49 57 5 58 1 12 23 7 
35 52 17 49 29 40 8 28 34 1 4 56 2 19 48 30 50 43 39 24 41 61 62 21 55 51 63 14 18 7 46 47 20 36 15 9 60 22 27 16 37 26 38 0 59 32 5 11 45 12 53 44 10 42 54 3 31 57 58 33 23 6 25 13 
51 10 13 17 2 32 15 35 28 50 31 9 29 58 12 8 41 54 40 27 7 39 6 47 5 36 34 14 55 33 63 24 23 26 56 25 48 1 62 3 53 42 46 11 20 44 30 49 22 59 61 60 45 43 57 0 37 38 52 19 21 4 16 18 
29 36 63 42 39 31 10 43 33 44 15 27 5 56 58 38 24 22 0 18 16 4 17 32 57 41 12 49 52 14 9 3 13 62 11 6 23 60 30 45 53 59 21 37 19 26 7 40 28 8 47 25 34 2 55 61 48 50 35 46 54 51 1 20 
13 59 60 35 57 63 52 22 18 3 43 19 53 51 56 11 31 50 4 15 29 54 10 12 47 61 62 42 26 9 45 40 44 39 6 0 17 36 34 21 30 49 46 25 38 7 48 23 37 20 2 58 16 27 1 5 32 55 41 28 8 33 24 14 
6 42 2 50 15 10 27 46 38 16 33 20 49 13 53 63 17 55 18 43 11 28 26 14 62 54 8 41 3 59 57 37 29 61 12 19 48 23 36 39 52 35 44 25 30 56 1 22 60 9 32 40 0 21 5 45 51 24 7 47 58 31 4 34 
43 45 58 7 10 9 37 21 53 0 25 8 29 49 1 56 19 22 14 20 42 33 11 44 13 32 54 50 5 30 59 38 46 40 4 12 15 41 24 16 27 48 34 26 36 60 2 39 57 35 63 3 52 31 51 61 17 47 55 28 62 6 18 23 
45 17 33 39 27 4 3 51 6 59 28 26 11 10 41 34 22 1 42 57 56 36 15 19 58 35 21 37 61 30 24 0 2 43 54 53 63 44 9 62 48 23 14 46 13 32 31 29 25 16 7 8 40 20 38 18 55 52 50 60 47 49 12 5 
54 26 30 45 39 20 15 61 44 36 49 23 11 62 31 42 5 16 2 13 7 24 25 17 12 43 48 37 18 9 47 35 55 14 22 8 58 34 27 4 57 21 19 33 50 56 0 46 10 29 51 3 53 1 32 59 38 60 63 28 52 41 6 40 
47 33 5 58 39 21 28 50 62 61 9 16 52 55 32 0 63 36 2 41 46 42 45 44 3 13 17 38 23 25 22 19 56 4 18 26 34 24 10 7 60 43 30 6 27 51 53 15 49 29 37 59 35 40 54 20 1 8 11 14 48 31 57 12 
61 4 12 0 58 44 53 63 20 23 11 1 37 8 50 19 32 25 51 17 47 52 29 49 16 62 5 22 59 14 55 42 6 31 35 40 28 60 24 30 54 9 10 38 13 46 36 48 57 45 26 27 43 7 15 3 41 21 39 33 34 2 18 56 
12 33 43 25 52 16 1 50 10 14 38 30 51 26 48 47 5 7 36 57 49 13 62 19 3 61 56 37 35 28 45 8 34 4 22 29 0 55 40 17 58 54 15 59 27 2 24 9 18 63 31 23 46 21 32 44 20 53 60 39 41 42 11 6 
13 37 54 8 61 34 1 27 14 22 18 21 40 43 60 33 58 53 52 9 42 4 11 26 39 44 12 48 7 17 25 31 47 50 57 30 24 35 63 51 56 23 32 5 55 6 36 10 3 46 2 59 38 29 49 0 16 15 28 62 19 45 41 20 
42 19 49 28 43 22 44 56 11 4 62 32 54 33 29 35 2 15 10 23 50 13 36 1 26 12 17 45 21 40 48 58 39 46 34 47 37 30 7 41 8 27 51 5 59 61 57 14 63 55 52 18 9 60 6 20 31 0 53 16 38 25 3 24 
