3 17 10 
16 52 24 
43 36 41 
14 0 5 
37 55 30 
17 46 47 
53 58 10 53 49 
47 31 18 47 41 
23 23 26 34 39 19 
53 46 14 8 21 
56 5 47 50 18 50 57 54 
53 26 28 9 53 12 2 6 30 53 25 38 58 
11 14 38 7 11 54 13 62 27 37 35 
58 30 47 62 22 44 9 43 0 63 33 40 
32 18 46 14 5 42 13 56 59 37 37 21 37 
58 53 0 55 30 56 13 28 46 16 
42 30 4 0 18 8 31 57 23 13 
31 26 28 38 23 60 17 36 60 
18 16 39 53 31 2 1 7 37 20 21 6 
15 25 36 17 50 4 48 34 62 16 18 59 28 
61 19 16 54 39 9 54 10 27 56 49 49 30 
4 18 19 20 59 46 30 0 11 18 57 52 63 63 20 51 52 51 25 62 37 49 14 34 58 58 47 
19 22 37 31 43 5 36 33 32 61 35 12 12 39 30 34 56 48 31 42 8 57 55 40 40 7 40 
14 12 48 54 60 26 6 25 43 25 56 26 48 24 22 60 20 37 54 60 36 
18 35 43 25 57 23 11 33 5 9 59 43 1 43 4 18 16 53 14 13 45 37 
37 4 58 18 44 61 44 58 40 1 12 58 6 2 6 56 6 45 6 31 42 45 34 
59 15 5 43 26 23 49 31 39 33 34 57 51 6 44 41 12 38 5 9 55 36 56 53 23 28 58 17 46 60 60 51 57 59 49 63 
2 33 7 4 46 31 63 26 27 45 52 46 41 45 40 35 35 55 2 43 43 63 36 13 9 33 26 24 19 
52 38 47 46 9 60 56 3 27 47 11 61 20 9 51 54 60 44 31 36 22 5 41 28 7 12 24 54 21 15 26 39 17 24 63 20 45 44 58 27 32 37 48 46 34 
36 45 52 7 9 47 28 7 18 12 39 11 
18 0 21 38 43 40 51 38 20 1 3 14 59 27 59 63 38 50 52 29 9 54 17 52 28 61 41 
14 28 54 58 35 19 50 3 26 59 37 35 46 58 48 28 61 18 19 59 48 11 53 47 31 3 53 24 40 18 43 55 25 17 57 4 32 17 32 62 21 52 63 42 
28 20 49 6 41 54 56 39 6 13 29 19 24 5 40 0 43 28 2 58 38 42 35 13 23 0 1 4 23 56 6 18 3 24 17 7 56 
49 58 54 44 28 18 11 12 13 50 48 18 48 54 51 60 45 18 38 1 15 28 14 51 2 26 32 50 27 16 11 2 30 52 54 32 48 25 6 4 
41 31 42 58 1 6 28 18 63 46 36 17 2 42 23 17 61 58 39 26 3 35 43 5 36 13 38 46 24 23 39 5 59 36 25 5 6 32 3 59 25 19 9 39 5 49 27 58 27 7 55 9 8 59 4 16 3 10 
23 16 52 7 14 31 12 12 10 24 60 34 47 53 29 51 48 33 0 59 20 36 39 3 18 0 34 27 55 8 28 32 53 3 14 
47 5 54 37 45 32 20 4 55 20 9 62 0 18 25 29 45 34 14 38 20 35 40 32 12 19 55 44 10 36 17 19 21 12 5 46 1 31 35 4 25 54 19 47 40 55 34 27 3 23 11 22 52 52 33 58 51 
15 23 8 12 13 34 33 40 61 51 29 56 22 42 59 49 50 46 16 16 35 57 0 19 62 14 62 59 17 5 27 23 55 62 29 36 35 11 20 5 22 55 34 46 19 43 43 13 60 6 52 12 31 
37 18 13 4 29 50 56 18 26 52 15 24 17 40 1 63 49 27 3 36 50 25 20 44 21 14 54 63 10 33 55 57 2 42 9 50 5 13 44 30 37 30 31 50 30 63 61 8 34 60 15 24 47 24 48 0 21 38 21 53 50 50 42 33 24 12 35 3 16 15 47 11 1 46 
32 6 11 54 25 18 17 0 31 43 42 49 48 13 44 42 47 41 36 56 35 4 19 40 50 26 49 47 34 54 0 47 41 49 28 29 36 60 52 31 38 42 17 25 22 50 42 60 13 56 20 34 12 22 21 57 52 35 26 10 24 34 8 58 48 23 13 51 25 3 49 0 25 3 34 42 48 43 56 52 62 37 18 48 62 42 22 27 8 7 
51 7 42 27 24 40 6 8 1 53 51 62 20 27 52 48 44 47 63 30 23 16 54 53 62 59 7 14 16 30 13 27 59 34 56 44 3 21 32 50 59 51 9 57 63 1 59 31 2 11 49 0 48 18 37 52 2 16 40 26 5 43 0 6 8 23 53 24 57 2 4 19 61 34 48 31 33 3 43 58 57 20 39 34 29 31 37 48 
36 38 20 31 31 5 29 37 24 57 61 59 27 43 1 59 51 3 35 60 19 19 16 4 37 5 34 50 43 7 6 36 27 33 8 1 17 14 1 48 40 54 35 58 1 16 6 21 35 20 5 11 40 11 28 62 41 9 58 53 37 62 15 8 39 6 38 25 44 41 41 41 51 
46 24 57 40 35 4 27 10 6 51 41 24 57 11 41 48 60 25 36 53 34 36 3 4 57 23 6 52 27 11 4 5 4 0 31 31 23 62 29 11 58 2 59 56 56 9 58 3 1 56 11 59 11 31 7 60 61 21 32 3 22 24 39 53 48 25 52 38 55 54 27 27 50 42 41 36 46 63 26 24 60 32 13 4 51 13 
11 58 20 61 60 7 8 42 2 57 2 27 51 30 38 63 31 9 40 39 36 63 30 26 15 50 0 31 2 58 22 43 41 60 39 40 54 0 38 7 41 2 3 30 52 5 9 49 35 9 9 50 14 52 47 2 40 11 33 39 29 11 38 55 37 31 45 33 31 38 6 30 13 17 2 6 0 35 38 19 8 47 3 28 39 0 53 48 26 8 31 6 59 61 5 12 33 7 11 2 15 9 62 63 30 14 26 0 31 19 42 62 46 58 49 49 41 51 32 58 21 0 61 28 48 22 37 47 11 36 45 19 5 6 37 37 8 22 45 14 54 15 8 0 
50 50 62 43 37 52 61 10 21 8 53 12 40 53 54 36 55 51 30 52 14 46 42 50 13 37 10 28 42 7 62 13 56 40 37 60 2 9 41 52 6 42 39 57 45 42 13 8 30 27 32 13 46 46 11 2 28 31 45 48 52 35 31 28 15 22 6 25 47 0 46 40 19 44 49 5 6 45 12 12 42 56 23 16 33 9 59 22 58 29 26 
7 57 62 30 28 58 56 11 4 59 63 36 29 19 7 23 15 38 35 48 49 4 16 21 29 28 45 52 47 15 38 47 40 60 4 44 6 8 24 34 55 0 16 0 23 46 5 54 40 38 6 17 16 10 55 6 21 0 59 21 31 24 44 0 50 59 23 19 63 1 21 13 54 24 11 
29 5 63 62 24 13 54 10 38 4 8 19 10 26 59 9 62 24 21 24 60 9 5 28 63 39 60 13 49 34 49 24 38 14 13 59 55 23 12 40 34 27 26 9 2 62 55 39 2 40 41 36 50 52 60 42 11 44 44 41 1 11 18 17 22 60 38 24 54 40 36 32 56 62 15 43 14 36 29 39 21 34 31 44 12 2 33 16 52 28 38 46 43 50 35 3 38 59 33 15 38 
56 43 11 51 58 51 36 8 39 16 48 40 25 15 44 17 25 3 44 36 24 62 24 34 46 55 20 18 45 46 37 57 4 59 57 48 50 62 62 52 21 47 19 33 55 16 
42 20 49 11 30 42 30 15 23 61 43 45 47 42 40 27 23 6 36 59 30 36 63 3 61 52 45 34 43 0 30 2 3 37 22 20 28 23 52 17 27 6 40 49 35 49 6 2 45 41 38 45 42 39 27 21 53 5 54 37 31 21 20 47 41 39 12 21 8 6 43 6 33 21 23 9 2 57 21 56 36 27 50 60 2 30 3 26 24 4 6 40 23 57 43 1 17 63 18 50 3 20 18 26 10 42 48 21 53 13 27 10 62 13 
63 15 56 54 11 1 24 37 8 17 36 19 23 13 58 12 59 20 36 62 5 9 34 3 47 34 47 55 41 47 41 2 2 20 20 8 6 26 12 26 17 62 12 28 33 45 57 48 0 36 25 41 52 8 25 25 54 23 23 21 20 29 61 9 29 42 
50 20 13 18 7 8 13 4 
33 20 19 19 4 17 5 11 24 
32 3 21 4 13 19 20 17 4 
34 7 14 2 14 11 0 19 4 
50 4 17 4 13 3 8 15 8 19 24 
54 7 8 18 15 4 17 
49 0 3 8 0 13 19 
39 0 17 12 14 13 24 
51 22 8 11 8 6 7 19 
36 13 2 7 0 13 19 12 4 13 19 
33 0 3 26 38 20 24 
46 11 3 26 51 14 22 13 26 49 14 0 3 
50 4 13 14 17 8 19 0 
50 19 8 19 2 7 4 18 
52 15 19 14 22 13 26 37 20 13 10 
44 17 30 26 41 14 2 10 28 26 51 53 26 16 20 8 25 26 47 7 35 28 26 1 0 6 18 26 5 4 22 26 11 24 13 23 30 
47 0 2 10 26 12 24 26 1 14 23 26 22 8 19 7 26 5 8 21 4 26 3 14 25 4 13 26 11 8 16 20 14 17 26 9 20 6 18 30 
50 19 0 24 26 1 24 26 51 7 4 26 42 8 3 26 43 32 49 46 40 26 0 13 3 26 41 20 18 19 8 13 26 33 8 4 1 4 17 
38 14 14 3 26 5 14 17 26 52 26 1 24 26 46 11 8 21 8 0 26 49 14 3 17 8 6 14 
40 13 3 20 18 19 17 24 26 33 0 1 24 26 1 24 26 43 8 11 26 45 0 18 26 55 26 5 19 30 26 41 0 2 10 26 39 0 17 11 14 22 
33 20 19 19 4 17 26 1 24 26 33 51 50 
39 4 0 19 26 54 0 21 4 18 26 1 24 26 38 11 0 18 18 26 32 13 8 12 0 11 18 
42 8 18 18 26 44 4 26 44 14 17 4 26 1 24 26 35 14 9 0 26 34 0 19 26 5 19 30 26 50 57 32 
43 4 21 8 19 0 19 8 13 6 26 1 24 26 35 20 0 26 43 8 15 0 26 5 19 30 26 35 0 33 0 1 24 
44 14 13 19 4 17 14 26 34 0 11 11 26 44 4 26 33 24 26 56 14 20 17 26 45 0 12 4 26 1 24 26 43 8 11 26 45 0 18 26 55 
36 18 18 4 13 2 4 26 1 24 26 54 8 25 10 8 3 26 5 19 30 26 51 4 12 18 
35 8 4 26 37 14 17 26 56 14 20 26 1 24 26 51 7 4 26 54 4 4 10 13 3 26 0 13 3 26 32 17 8 0 13 0 26 38 17 0 13 3 4 
51 0 4 24 4 14 13 18 26 1 4 18 19 58 26 37 8 13 4 28 26 33 11 20 4 28 26 40 28 26 54 7 24 28 26 51 8 12 4 26 43 0 15 18 4 28 26 38 17 0 21 8 19 24 28 26 51 14 30 55 28 26 34 11 14 18 4 17 28 26 34 0 13 19 26 34 14 13 19 17 14 11 26 44 24 18 4 11 5 28 26 4 19 2 30 
32 13 19 8 29 19 8 29 19 8 29 19 8 26 5 17 0 6 8 11 4 28 26 5 17 0 6 8 11 4 31 32 13 19 8 29 19 8 29 19 8 29 19 8 26 5 17 0 6 8 11 4 31 32 13 19 8 29 19 8 29 19 8 29 19 8 26 5 17 0 6 8 11 4 28 26 5 17 0 6 8 11 4 31 61 61 32 13 19 8 29 5 17 0 6 8 11 4 61 61 32 13 19 8 29 5 17 0 6 8 11 4 61 61 
56 14 20 26 3 14 13 19 26 4 21 4 13 26 10 13 14 22 26 12 24 26 13 0 12 4 28 26 3 14 26 24 14 20 27 26 56 14 20 26 3 14 13 19 26 4 21 4 13 26 10 13 14 22 26 12 24 26 13 0 12 4 28 26 3 14 26 24 14 20 27 
44 14 13 3 0 24 28 26 51 20 4 18 3 0 24 28 26 54 4 3 13 4 18 3 0 24 28 26 51 7 20 17 18 3 0 24 28 26 37 17 8 3 0 24 28 26 50 0 19 20 17 3 0 24 28 26 50 20 13 3 0 24 26 0 26 22 4 4 10 
36 21 4 13 26 19 7 14 20 6 7 26 22 4 17 4 26 6 14 8 13 6 26 19 7 17 14 20 6 7 26 8 19 30 26 32 13 3 26 8 19 26 12 0 10 4 18 26 24 14 20 26 5 4 4 11 26 0 11 14 13 4 30 26 41 20 18 19 26 10 13 14 22 26 19 7 0 19 26 40 26 22 14 20 11 3 26 3 8 4 26 5 14 17 26 24 14 20 
44 24 26 1 14 18 18 26 19 14 11 3 26 12 4 26 19 14 26 7 0 21 4 26 0 26 6 14 14 3 26 3 0 24 30 30 30 26 18 14 26 40 26 22 4 13 19 26 7 14 12 4 30 
40 26 3 14 13 19 26 7 0 21 4 26 0 26 13 8 13 4 26 19 14 26 5 8 21 4 26 9 14 1 28 26 40 26 7 0 21 4 26 0 26 22 7 4 13 4 21 4 17 26 19 7 4 26 2 14 5 5 4 4 26 17 20 13 18 26 14 20 19 26 9 14 1 30 
40 12 26 13 14 19 26 15 17 14 2 17 0 18 19 8 13 0 19 8 13 6 28 26 40 12 26 18 19 17 0 19 4 6 8 2 0 11 11 24 26 3 4 11 0 24 8 13 6 26 19 0 18 10 18 26 19 14 26 2 17 4 0 19 4 26 0 26 18 4 13 18 4 26 14 5 26 20 17 6 4 13 2 24 30 
40 26 22 14 17 10 26 7 0 17 3 26 18 14 26 12 24 26 3 14 6 26 2 0 13 26 7 0 21 4 26 0 26 1 4 19 19 4 17 26 11 8 5 4 30 30 30 26 0 13 3 26 1 24 26 1 4 19 19 4 17 26 11 8 5 4 26 40 26 12 4 0 13 26 12 14 17 4 26 19 17 4 0 19 18 30 
44 24 26 2 14 22 14 17 10 4 17 18 26 0 17 4 26 11 8 10 4 26 5 0 12 8 11 24 30 30 30 26 3 24 18 5 20 13 2 19 8 14 13 0 11 28 26 1 20 19 26 22 4 26 18 19 8 11 11 26 7 0 21 4 26 19 14 26 18 15 4 13 3 26 4 8 6 7 19 26 7 14 20 17 18 26 0 26 3 0 24 26 19 14 6 4 19 7 4 17 30 
40 12 26 13 14 19 26 2 11 20 12 18 24 28 26 40 12 26 9 20 18 19 26 19 4 18 19 8 13 6 26 19 7 4 26 3 20 17 0 1 8 11 8 19 24 26 14 5 26 14 5 5 8 2 4 26 4 16 20 8 15 12 4 13 19 26 22 8 19 7 26 12 24 26 6 17 0 2 4 5 20 11 26 5 0 11 11 18 
51 7 4 26 18 4 2 17 4 19 26 2 14 3 4 26 19 14 26 20 13 11 14 2 10 26 19 7 4 26 8 2 11 0 1 26 3 14 2 20 12 4 13 19 26 8 18 26 8 11 14 21 4 8 2 11 0 1 
51 7 4 17 4 26 0 17 4 26 19 4 13 26 11 0 1 18 26 17 4 12 0 8 13 8 13 6 26 5 14 17 26 19 7 4 26 18 4 12 4 18 19 4 17 30 26 38 14 26 0 7 4 0 3 
40 26 4 13 9 14 24 26 22 0 19 2 7 8 13 6 26 32 50 44 49 28 26 1 20 19 26 40 26 15 17 4 5 4 17 26 13 14 13 29 4 0 19 8 13 6 26 14 13 4 18 30 26 35 14 26 24 14 20 27 
40 19 26 8 18 26 2 14 13 18 19 17 20 2 19 4 3 26 5 17 14 12 26 2 14 13 2 17 4 19 4 26 0 13 3 26 17 4 1 0 17 26 22 8 19 7 26 19 17 0 2 4 18 26 14 5 26 42 17 24 11 14 13 26 1 17 0 13 3 26 18 15 17 0 24 26 15 0 8 13 19 30 26 50 34 47 29 55 55 55 26 8 18 26 0 13 8 12 0 19 4 26 0 13 3 26 4 23 19 17 4 12 4 11 24 26 7 14 18 19 8 11 4 30 26 51 7 4 26 14 1 9 4 2 19 26 2 0 13 13 14 19 26 12 14 21 4 26 22 7 8 11 4 26 22 8 19 7 8 13 26 0 26 3 8 17 4 2 19 26 11 8 13 4 26 14 5 26 18 8 6 7 19 30 
40 26 19 14 11 3 26 12 24 26 22 8 5 4 26 18 7 4 26 22 0 18 26 3 17 0 22 8 13 6 26 7 4 17 26 4 24 4 1 17 14 22 18 26 19 14 14 26 7 8 6 7 30 26 50 7 4 26 11 14 14 10 4 3 26 18 20 17 15 17 8 18 4 3 
40 12 26 17 4 0 3 8 13 6 26 0 26 1 14 14 10 26 14 13 26 0 13 19 8 29 6 17 0 21 8 19 24 30 26 40 19 18 26 8 12 15 14 18 18 8 1 11 4 26 19 14 26 15 20 19 26 3 14 22 13 
26 26 26 26 26 59 59 59 26 26 26 31 26 26 26 59 59 26 26 26 59 59 26 31 26 26 59 59 26 26 26 26 26 59 59 31 26 26 59 59 26 26 26 26 26 59 59 31 26 26 59 59 59 59 59 59 59 59 59 31 26 26 59 59 26 26 26 26 26 59 59 31 26 26 59 59 26 26 26 26 26 59 59 
26 26 54 26 26 26 26 26 26 26 26 26 54 26 26 26 26 46 46 46 26 26 26 26 54 26 26 26 26 26 26 26 26 26 26 54 31 26 26 26 54 26 26 26 26 26 26 26 54 26 26 26 26 46 26 26 26 46 26 26 26 26 26 54 26 26 26 26 26 26 26 54 31 26 26 26 26 54 26 26 54 26 26 54 26 26 26 26 26 46 26 26 26 46 26 26 26 26 26 26 54 26 26 54 26 26 54 31 26 26 26 26 26 54 26 54 26 54 26 26 26 26 26 26 46 26 26 26 46 26 26 26 26 26 26 26 54 26 54 26 54 31 26 26 26 26 26 26 54 26 54 26 26 26 26 26 26 26 26 46 46 46 26 26 26 26 26 26 26 26 26 54 26 54 
26 26 26 26 59 59 31 26 26 26 59 59 59 59 31 26 26 59 59 59 59 59 59 31 26 59 59 59 59 59 59 59 59 31 59 59 59 59 59 59 59 59 59 59 31 59 59 59 59 59 59 59 59 59 59 31 59 26 26 59 59 59 59 26 26 59 31 59 26 26 59 59 59 59 26 26 59 31 59 26 26 59 59 59 59 26 26 59 
26 26 60 60 60 30 26 26 26 26 26 30 60 60 60 26 26 31 26 60 60 26 26 26 26 60 60 60 26 26 26 26 26 60 60 26 31 60 60 26 26 26 26 26 26 26 26 26 26 26 26 26 60 60 26 31 26 60 60 26 26 26 26 26 26 26 26 26 26 26 26 60 60 26 31 26 26 60 60 26 26 26 26 26 26 26 26 26 60 60 26 26 26 31 26 26 26 26 60 60 26 26 26 26 26 60 60 26 26 26 31 26 26 26 26 26 26 26 60 60 60 60 26 26 
26 26 26 27 27 27 27 27 27 27 26 26 31 26 27 27 26 26 26 26 26 26 27 27 26 31 27 27 26 26 26 26 26 26 26 27 27 26 31 26 26 26 26 26 26 26 26 27 27 26 26 31 26 26 26 26 26 26 26 27 27 26 26 26 31 26 26 26 26 26 26 27 27 26 26 26 31 26 26 26 26 26 26 27 27 26 26 26 26 31 26 26 26 26 26 26 27 27 26 26 26 26 31 26 26 26 26 26 26 27 27 26 26 26 26 26 31 26 26 26 26 26 26 27 27 31 31 26 26 26 26 26 26 27 27 26 26 26 26 26 26 
26 26 59 59 59 59 26 26 26 59 59 59 59 59 59 26 26 59 59 59 59 59 59 26 26 26 59 59 59 59 59 59 31 26 59 59 26 26 59 59 26 26 59 59 26 26 26 59 59 26 26 26 26 59 59 26 26 26 26 59 59 26 26 26 59 59 31 59 59 26 26 26 26 26 26 26 59 59 26 26 26 59 59 26 26 26 26 59 59 26 26 26 26 59 59 26 26 26 59 59 31 59 59 26 26 26 26 26 26 26 59 59 59 59 59 59 26 26 26 26 26 59 59 26 26 26 26 59 59 59 59 59 59 31 59 59 26 26 59 59 59 26 26 59 59 26 26 26 59 59 26 26 26 26 59 59 26 26 26 26 59 59 26 26 59 59 31 26 59 59 26 26 59 59 26 26 59 59 26 26 26 59 59 26 26 26 26 59 59 26 26 26 26 59 59 26 26 26 59 59 31 26 26 59 59 59 59 26 26 26 59 59 59 59 59 59 26 26 26 26 26 59 59 26 26 26 26 59 59 26 26 26 26 59 59 
